100,1,31900.0
100,1,30400.0
100,2,34600.0
100,1,39500.0
100,1,27400.0
100,2,10800.0
100,1,32900.0
100,2,26600.0
101,2,36300.0
101,1,16100.0
101,1,23200.0
101,1,36400.0
101,2,35800.0
101,1,38200.0
101,2,1000.0
101,1,33700.0
101,1,1600.0
101,2,7200.0
102,1,8300.0
102,1,2200.0
102,1,24000.0
102,2,38100.0
102,2,33500.0
102,1,31700.0
102,2,14500.0
102,2,33300.0
102,2,15000.0
102,2,7300.0
102,2,37100.0
102,2,38000.0
102,2,32400.0
102,1,33800.0
102,2,36900.0
102,2,36200.0
102,2,33200.0
103,1,9500.0
103,1,12300.0
103,2,2500.0
103,2,5600.0
103,1,31900.0
104,2,10500.0
104,2,32700.0
104,2,34000.0
105,1,5500.0
105,2,17500.0
105,2,20000.0
105,2,37300.0
105,1,38200.0
105,2,37400.0
105,1,33800.0
105,1,13200.0
105,2,18200.0
105,2,27200.0
105,1,21000.0
105,2,19100.0
105,2,17600.0
105,2,12000.0
106,2,7600.0
106,2,1800.0
106,1,17200.0
106,2,9800.0
106,1,33700.0
106,2,37700.0
106,2,15100.0
106,1,9100.0
106,2,36800.0
106,1,35500.0
106,1,28100.0
106,2,24200.0
106,2,6100.0
106,1,22600.0
107,2,37200.0
107,1,24800.0
107,1,13800.0
108,1,14700.0
108,2,2500.0
108,1,18500.0
108,2,26500.0
108,2,19300.0
108,2,18100.0
108,2,39300.0
108,2,35200.0
108,1,10200.0
108,2,4900.0
108,2,22800.0
108,1,4800.0
108,2,6200.0
108,1,29000.0
108,1,19400.0
108,1,20800.0
108,1,24200.0
108,1,23200.0
108,2,25300.0
109,2,9500.0
110,1,11000.0
110,2,7900.0
110,1,24700.0
110,1,26800.0
110,1,7800.0
110,1,13200.0
110,1,7400.0
110,2,27200.0
111,2,20900.0
111,1,37400.0
111,1,12000.0
111,2,38600.0
111,2,19800.0
111,1,39200.0
111,1,3800.0
111,2,7000.0
111,2,12200.0
111,1,7700.0
111,1,3500.0
111,2,39100.0
111,1,24700.0
111,2,37900.0
111,2,4300.0
112,1,17400.0
113,1,9300.0
113,1,38300.0
113,1,4200.0
113,1,3200.0
113,1,28900.0
113,2,21300.0
113,1,23200.0
113,1,6200.0
113,1,16600.0
114,1,17800.0
114,1,16100.0
114,2,38000.0
114,1,35400.0
115,2,8500.0
115,2,23600.0
115,2,4500.0
115,2,21600.0
115,1,38400.0
115,1,28900.0
115,2,29200.0
115,2,26900.0
115,1,14000.0
115,1,1500.0
115,2,34300.0
115,2,33700.0
115,2,20800.0
115,1,6700.0
115,2,37200.0
115,1,11000.0
116,1,26800.0
116,2,26100.0
116,2,6400.0
116,1,23200.0
116,2,30800.0
116,2,1600.0
116,1,34300.0
116,1,24500.0
116,1,20800.0
116,1,26700.0
116,2,33400.0
116,2,9300.0
116,2,23900.0
116,1,26100.0
116,1,33800.0
116,2,21400.0
117,2,10600.0
117,2,17100.0
117,2,38000.0
117,2,32900.0
117,1,20000.0
117,2,24700.0
117,1,34200.0
117,2,16800.0
117,2,28300.0
117,1,20800.0
117,2,39300.0
117,1,16600.0
117,2,1500.0
119,2,16900.0
119,1,21700.0
119,2,7000.0
119,2,7700.0
119,2,39000.0
119,2,30200.0
119,1,8200.0
119,1,28200.0
119,2,29700.0
119,1,37200.0
119,1,13100.0
119,2,37100.0
119,1,25600.0
119,2,26300.0
119,2,25600.0
119,1,23500.0
119,1,32900.0
120,1,24300.0
120,2,23000.0
120,1,22800.0
120,1,36700.0
120,2,34500.0
120,1,35000.0
120,1,37400.0
120,2,33100.0
120,1,31900.0
120,2,11500.0
120,1,10100.0
120,1,4700.0
120,2,37700.0
120,2,28300.0
121,1,18000.0
121,2,30000.0
121,2,36800.0
121,2,29700.0
121,2,17000.0
121,1,26800.0
121,2,22800.0
121,1,13100.0
123,1,18400.0
123,2,4500.0
123,2,30400.0
124,1,32900.0
124,1,13300.0
124,2,35800.0
124,2,10900.0
124,2,4200.0
124,2,33300.0
124,2,5100.0
124,1,29300.0
124,1,18800.0
124,1,23500.0
124,1,37900.0
124,1,31500.0
124,2,17900.0
124,2,3500.0
124,1,36600.0
124,2,8300.0
124,1,17400.0
124,2,21800.0
124,1,28100.0
125,1,28000.0
125,1,33000.0
125,2,32300.0
125,1,28300.0
125,2,32100.0
125,1,30200.0
125,2,28300.0
125,2,4600.0
125,1,37300.0
125,1,38000.0
125,1,9200.0
125,1,37800.0
125,2,1800.0
125,1,31400.0
126,2,10300.0
126,1,21500.0
126,2,16500.0
126,1,13400.0
126,2,20200.0
126,1,19500.0
126,1,7700.0
126,2,26700.0
127,1,18000.0
127,1,6700.0
127,2,4400.0
127,2,9100.0
127,1,3000.0
127,1,37500.0
127,1,3100.0
127,2,23600.0
127,1,1200.0
127,1,20300.0
127,1,33500.0
127,2,6600.0
128,1,23600.0
128,2,12300.0
128,1,27000.0
128,1,8700.0
128,1,28000.0
128,2,15500.0
128,1,2700.0
128,1,29300.0
128,1,32900.0
128,1,15400.0
129,1,1800.0
129,2,12600.0
129,2,22200.0
129,1,33800.0
129,1,28900.0
129,2,29800.0
129,1,36200.0
129,1,28500.0
129,1,28100.0
129,2,11400.0
130,2,26100.0
130,1,12300.0
131,1,33200.0
131,2,7200.0
131,2,3900.0
132,1,24700.0
132,1,38800.0
132,1,32600.0
132,2,11400.0
132,2,21700.0
132,1,17200.0
132,1,32000.0
132,1,8000.0
132,2,29300.0
132,1,17600.0
132,2,11000.0
132,2,22800.0
132,1,12500.0
132,1,2800.0
132,1,32200.0
132,2,38000.0
132,2,38000.0
132,2,29200.0
133,1,27800.0
133,1,20500.0
133,2,12400.0
133,2,14000.0
133,1,38400.0
133,1,31300.0
133,2,16200.0
133,1,17700.0
133,2,25800.0
134,1,9800.0
134,2,10100.0
134,2,14700.0
134,1,16100.0
134,2,28700.0
134,1,10100.0
134,2,9700.0
134,1,12000.0
134,2,23400.0
134,2,38600.0
134,2,18700.0
134,1,3200.0
134,1,9400.0
134,2,21900.0
134,2,8000.0
134,1,6600.0
134,1,36500.0
134,1,21600.0
134,1,15800.0
135,2,1000.0
135,1,37800.0
135,2,31700.0
135,2,3500.0
136,2,21200.0
136,1,27200.0
136,1,23000.0
136,2,21800.0
136,1,28700.0
136,2,10700.0
136,1,33300.0
137,2,19300.0
137,2,7800.0
137,1,37400.0
137,2,21800.0
137,2,17200.0
137,2,10500.0
137,1,16100.0
137,1,25900.0
137,2,10200.0
137,1,3000.0
137,1,11300.0
137,2,2300.0
137,1,11300.0
138,1,1200.0
138,1,39900.0
138,1,30600.0
138,2,10700.0
138,1,6300.0
138,1,27400.0
138,1,26800.0
138,1,14500.0
138,2,5400.0
138,2,38800.0
138,1,1500.0
138,2,10600.0
138,1,19500.0
138,2,31300.0
139,2,19800.0
139,2,33500.0
139,1,13300.0
139,2,34400.0
139,1,35500.0
139,1,4500.0
139,2,30800.0
139,1,12400.0
139,1,22600.0
139,2,10500.0
139,2,30200.0
139,1,38300.0
139,1,2700.0
139,2,5900.0
139,1,28000.0
140,2,22000.0
140,2,34300.0
140,1,4500.0
140,2,24400.0
140,1,6500.0
140,1,33500.0
140,1,28800.0
140,1,31200.0
140,2,27700.0
140,1,5900.0
140,2,39800.0
140,2,15800.0
140,1,32400.0
140,1,30700.0
141,2,10800.0
141,2,15100.0
141,2,6700.0
141,1,25100.0
141,1,22400.0
141,1,27900.0
142,1,39000.0
142,2,7000.0
142,1,18300.0
142,1,4600.0
142,2,13000.0
142,2,28600.0
142,2,10600.0
142,1,13800.0
142,2,2000.0
142,1,23800.0
142,1,27600.0
142,1,5500.0
142,1,35400.0
142,1,18200.0
143,2,24800.0
143,2,20400.0
143,2,33900.0
144,1,20600.0
144,2,2500.0
144,2,39000.0
144,2,34700.0
144,2,18700.0
144,1,24300.0
144,2,31100.0
144,2,13100.0
144,2,7900.0
144,1,4000.0
145,1,22400.0
145,1,39600.0
145,2,38700.0
145,2,22600.0
145,1,39800.0
145,1,23300.0
145,1,8400.0
145,1,19900.0
145,2,29300.0
145,2,35400.0
145,1,13500.0
146,1,8800.0
146,1,3400.0
146,1,21600.0
146,1,31200.0
147,1,34900.0
147,2,4100.0
147,1,37300.0
147,1,23300.0
147,2,18700.0
147,1,7400.0
147,1,5700.0
147,2,36600.0
147,2,27700.0
147,2,3800.0
147,2,20800.0
147,1,11200.0
147,2,27400.0
147,2,29600.0
147,1,38300.0
147,1,3200.0
147,2,20300.0
147,1,30500.0
148,2,1500.0
148,1,17700.0
148,1,24100.0
148,1,22400.0
148,2,19600.0
148,1,20400.0
148,2,38500.0
148,1,16400.0
148,2,25400.0
148,2,33300.0
148,1,22900.0
148,2,35800.0
148,2,27200.0
148,1,8000.0
148,2,35800.0
148,1,24400.0
148,2,16300.0
148,1,13600.0
149,1,36100.0
150,2,11100.0
150,2,35800.0
150,1,11800.0
150,2,39700.0
150,2,10600.0
150,2,2400.0
150,2,4100.0
150,1,11900.0
150,2,6900.0
150,2,28700.0
150,1,27300.0
150,1,36500.0
151,2,35100.0
151,2,37400.0
151,1,12400.0
151,1,13300.0
151,2,29900.0
151,2,8500.0
152,1,5900.0
152,1,38600.0
152,1,37300.0
152,1,13300.0
152,2,2000.0
152,1,9000.0
152,2,13400.0
152,2,36900.0
152,1,23200.0
152,2,3100.0
152,2,27600.0
152,1,27000.0
152,2,39500.0
152,2,8900.0
152,1,3700.0
152,1,5300.0
153,2,17700.0
153,2,6000.0
153,2,35900.0
153,2,9800.0
153,1,15100.0
153,1,11100.0
153,2,6100.0
153,1,10100.0
153,2,19900.0
153,2,24500.0
153,1,14600.0
153,1,26500.0
153,1,22200.0
153,2,3000.0
153,2,8500.0
153,2,6900.0
154,2,21700.0
154,2,28700.0
154,2,31100.0
154,1,18500.0
154,1,26400.0
154,2,13400.0
154,1,27000.0
154,1,9000.0
154,2,12100.0
155,2,26300.0
155,2,37000.0
155,1,5300.0
156,2,38800.0
156,2,1600.0
156,1,10700.0
156,1,32000.0
156,1,30900.0
156,1,22000.0
156,2,37100.0
157,1,30400.0
157,1,12400.0
157,1,24600.0
157,2,12000.0
157,1,3300.0
157,1,6800.0
157,2,15500.0
157,2,37300.0
157,1,32900.0
157,1,27300.0
157,2,16000.0
158,1,21000.0
158,1,20200.0
158,2,23800.0
158,2,34300.0
158,2,16900.0
158,1,34900.0
158,2,15100.0
158,1,30300.0
158,1,24500.0
158,1,12700.0
158,1,39200.0
159,1,7000.0
159,1,23600.0
159,2,15600.0
159,1,10400.0
160,1,7000.0
161,1,6300.0
161,1,37800.0
161,1,5600.0
161,2,37300.0
161,1,34800.0
161,1,5600.0
161,2,31100.0
161,2,11600.0
162,1,31400.0
162,2,23100.0
163,2,13300.0
163,2,26000.0
163,1,13600.0
163,1,36200.0
164,2,36200.0
164,2,20700.0
164,1,18000.0
164,2,27700.0
164,2,4300.0
164,1,2700.0
164,1,8800.0
165,2,21100.0
165,2,26400.0
165,1,27500.0
165,1,37600.0
165,2,32100.0
165,1,25800.0
165,2,19000.0
165,2,11700.0
165,2,13200.0
165,2,35100.0
165,2,22500.0
165,2,28800.0
165,1,11700.0
166,1,25600.0
166,1,17900.0
166,2,15200.0
166,1,25100.0
166,1,23800.0
166,2,29000.0
166,2,30100.0
166,2,16100.0
166,1,32100.0
166,2,1200.0
166,2,38900.0
166,2,17700.0
166,2,29200.0
166,1,10200.0
166,2,37500.0
166,2,28300.0
167,2,19000.0
167,1,26000.0
167,2,8600.0
167,1,5700.0
167,1,1300.0
167,1,34600.0
168,2,32300.0
168,2,25000.0
168,2,39800.0
168,2,11300.0
168,1,13200.0
168,1,15100.0
168,2,23400.0
168,1,14700.0
169,1,28600.0
169,1,39600.0
169,1,36200.0
169,1,36200.0
169,1,9400.0
169,2,10400.0
169,1,17800.0
169,2,30400.0
169,2,4700.0
169,2,26000.0
169,1,10600.0
169,2,3700.0
170,2,38600.0
171,1,5000.0
171,2,27000.0
171,2,27000.0
171,2,21000.0
171,2,27400.0
171,1,10000.0
171,2,17400.0
171,2,28200.0
171,2,38400.0
171,2,20900.0
172,2,4800.0
173,2,30700.0
173,2,33900.0
173,2,25600.0
173,1,34300.0
173,2,7600.0
173,1,8900.0
173,1,15100.0
173,2,25500.0
173,1,26300.0
173,2,7500.0
173,2,18500.0
173,2,12000.0
173,1,31700.0
173,2,10800.0
173,1,1300.0
174,1,21600.0
174,2,11000.0
174,2,30300.0
174,1,22800.0
174,2,25400.0
174,1,16200.0
174,2,17000.0
174,1,15200.0
174,1,15900.0
174,2,10000.0
174,2,31000.0
174,1,1900.0
175,1,10600.0
175,1,24600.0
176,2,36100.0
176,1,30000.0
177,1,7300.0
177,1,5600.0
177,2,27000.0
177,2,33900.0
177,1,25000.0
177,1,35000.0
177,1,18300.0
177,1,31700.0
177,2,24700.0
177,2,13500.0
177,1,17900.0
177,2,20100.0
177,1,27100.0
177,1,7100.0
177,2,24400.0
177,2,3600.0
178,1,16900.0
178,1,37400.0
178,1,1600.0
178,2,10100.0
178,2,36300.0
178,1,6800.0
178,1,32500.0
178,1,18800.0
178,1,5300.0
178,2,29800.0
178,2,11900.0
178,2,19600.0
178,2,34000.0
178,2,7500.0
178,1,39800.0
178,2,20700.0
179,1,39400.0
179,1,17400.0
179,1,34100.0
180,1,26100.0
180,2,20400.0
180,1,20200.0
180,2,8100.0
180,2,15400.0
181,2,1500.0
181,1,39100.0
181,2,3800.0
181,2,36000.0
183,2,20200.0
183,2,17800.0
183,1,25000.0
183,2,6500.0
183,2,3900.0
183,2,15800.0
183,2,24600.0
183,2,3600.0
183,1,22200.0
183,2,1500.0
183,2,35900.0
183,1,5300.0
183,2,36500.0
183,1,25700.0
183,2,7800.0
184,2,21100.0
184,2,28200.0
184,2,6500.0
184,2,20700.0
184,1,27900.0
184,2,9100.0
184,2,29700.0
184,1,27300.0
184,2,7500.0
184,1,29400.0
184,1,6200.0
184,2,22300.0
185,2,15100.0
185,2,12300.0
185,2,9200.0
185,2,14600.0
185,2,19600.0
185,1,3600.0
185,2,6800.0
185,2,10500.0
185,1,6000.0
185,2,14400.0
186,2,5000.0
186,1,39700.0
186,2,9500.0
186,1,35700.0
186,1,18200.0
186,1,28300.0
186,2,39200.0
186,2,34900.0
187,2,29500.0
187,1,30400.0
187,1,7800.0
187,1,22300.0
187,2,9700.0
187,1,29700.0
187,1,22600.0
187,2,32900.0
187,2,1400.0
187,1,21100.0
187,2,38200.0
187,2,15000.0
187,1,23000.0
187,1,23000.0
187,2,26400.0
187,2,23600.0
187,2,21800.0
188,2,9300.0
188,2,2900.0
188,1,33400.0
188,2,27000.0
188,1,2100.0
188,1,4100.0
189,1,36600.0
189,2,6800.0
189,1,9200.0
189,2,14500.0
189,1,16500.0
189,2,24900.0
189,1,24400.0
189,1,36000.0
189,1,15800.0
189,1,13700.0
189,2,33000.0
189,1,32400.0
189,2,4800.0
189,2,23100.0
189,2,26900.0
189,2,28600.0
189,1,9400.0
189,2,17700.0
190,2,14700.0
190,2,36100.0
190,2,28100.0
190,1,25800.0
191,2,22800.0
191,2,21100.0
192,2,19300.0
192,2,26300.0
192,2,33000.0
192,2,7500.0
192,2,4400.0
192,2,23800.0
192,1,11800.0
192,2,19700.0
193,1,23300.0
193,2,15900.0
193,2,28400.0
193,2,8700.0
193,2,14700.0
193,1,5600.0
193,2,11400.0
193,1,21900.0
193,1,19600.0
193,1,21600.0
193,2,39200.0
193,2,22600.0
193,2,29100.0
193,2,30500.0
193,2,39000.0
193,1,33300.0
193,1,24400.0
193,1,4500.0
193,2,1200.0
194,2,16300.0
194,1,5000.0
194,1,15700.0
194,1,18800.0
194,2,23400.0
194,2,24300.0
194,1,14100.0
194,2,3600.0
195,1,19400.0
195,1,35700.0
195,2,21700.0
195,2,7700.0
195,2,36100.0
195,1,18500.0
196,2,1700.0
196,1,31400.0
196,2,24700.0
196,1,19900.0
196,1,18400.0
196,1,5800.0
196,1,24400.0
196,1,29100.0
196,1,35200.0
196,1,36900.0
196,1,5300.0
196,2,5200.0
196,1,28800.0
196,1,17200.0
196,2,3500.0
197,1,32500.0
197,1,27300.0
197,2,5700.0
197,2,4300.0
197,1,14700.0
197,2,3800.0
197,1,1100.0
197,1,3700.0
197,2,31100.0
197,2,20400.0
197,2,5900.0
198,1,26600.0
198,2,26400.0
199,2,15300.0
199,1,20100.0
199,1,23500.0
199,1,11700.0
199,2,25900.0
199,1,18500.0
199,1,32500.0
199,1,36600.0
199,1,15600.0
200,1,20700.0
200,1,7700.0
200,2,30400.0
200,2,30500.0
200,1,27500.0
200,1,34900.0
200,1,18200.0
200,2,12000.0
200,1,20000.0
201,1,24700.0
201,2,14800.0
201,1,36400.0
201,2,8600.0
201,2,25100.0
201,2,26200.0
201,1,26700.0
201,1,11200.0
201,1,22400.0
201,2,27500.0
201,1,39000.0
201,1,9000.0
201,2,26000.0
201,1,7500.0
202,2,3700.0
202,2,4600.0
202,1,27500.0
202,1,19900.0
202,2,5900.0
202,1,22900.0
202,1,7200.0
202,1,25600.0
202,2,38300.0
202,2,15100.0
203,2,17800.0
203,1,9900.0
203,1,27300.0
203,2,14900.0
203,2,23000.0
203,1,17000.0
203,1,17600.0
203,1,9200.0
203,1,18000.0
203,2,33500.0
203,1,31500.0
204,1,22400.0
204,1,32400.0
204,1,18000.0
204,2,37400.0
204,1,18600.0
205,2,28800.0
205,1,2300.0
205,1,38300.0
205,1,37600.0
205,1,32000.0
205,1,18200.0
205,2,31200.0
205,2,10200.0
206,1,26800.0
206,1,18800.0
206,2,31600.0
206,2,25300.0
206,1,12800.0
206,2,35300.0
206,1,21900.0
207,2,9300.0
207,1,16300.0
208,2,18900.0
208,1,32700.0
208,2,10700.0
208,2,30400.0
208,2,36800.0
208,2,10300.0
208,2,7000.0
208,1,10700.0
208,2,9500.0
208,1,6300.0
208,2,29500.0
208,2,37400.0
208,2,30900.0
208,1,7000.0
208,1,12800.0
208,2,20700.0
208,1,33800.0
209,2,37500.0
209,2,32600.0
209,2,14000.0
209,2,22100.0
209,2,6700.0
209,1,28900.0
209,1,26900.0
210,1,9100.0
210,2,36000.0
210,2,21200.0
210,1,17600.0
210,1,14000.0
210,1,4700.0
210,1,34700.0
210,2,21300.0
210,2,29100.0
210,2,12300.0
210,2,22700.0
210,2,34700.0
210,2,1500.0
211,2,15000.0
211,2,5900.0
211,2,12200.0
211,2,32700.0
211,1,10800.0
211,2,38700.0
211,2,33100.0
211,2,25900.0
211,2,24600.0
211,2,36600.0
211,1,4800.0
212,1,21600.0
213,2,2500.0
213,1,20500.0
213,1,25800.0
213,2,5600.0
213,2,7800.0
213,1,16000.0
213,2,18900.0
213,1,14300.0
213,2,18000.0
213,1,33500.0
213,1,39000.0
213,2,39400.0
213,1,7300.0
213,1,4200.0
213,1,13700.0
213,1,30800.0
213,1,11800.0
213,2,15800.0
214,1,10400.0
214,1,14800.0
214,1,15100.0
214,1,16000.0
214,1,39900.0
214,1,14100.0
214,2,15700.0
214,1,22800.0
214,2,33400.0
214,2,14000.0
214,2,9700.0
214,1,33300.0
215,1,26900.0
215,2,33400.0
215,2,9300.0
215,2,38600.0
217,1,36200.0
217,1,39800.0
217,1,33100.0
217,1,38700.0
217,2,35100.0
217,1,5400.0
217,1,31200.0
217,2,36700.0
217,2,29700.0
217,1,4100.0
217,1,37000.0
217,2,20000.0
217,1,1400.0
217,1,33700.0
217,2,32600.0
217,1,26400.0
217,1,34900.0
217,1,24800.0
217,2,39600.0
218,2,23100.0
218,1,12600.0
218,1,9100.0
218,1,24900.0
219,2,25300.0
219,2,39700.0
219,1,32300.0
219,2,26500.0
219,1,19300.0
220,2,22100.0
220,2,9200.0
220,2,8100.0
220,1,11800.0
220,1,28300.0
220,1,12500.0
220,2,14700.0
220,2,12600.0
220,2,18100.0
220,1,12000.0
221,2,2800.0
221,1,24300.0
221,2,14200.0
221,1,21900.0
221,1,22800.0
221,1,13700.0
221,1,5900.0
221,2,39800.0
221,1,30500.0
221,2,28900.0
222,2,27600.0
222,2,6800.0
222,1,1300.0
222,2,36700.0
222,1,6600.0
222,1,28500.0
223,1,15500.0
223,1,38700.0
223,2,30900.0
223,2,18500.0
223,1,33800.0
223,1,38000.0
223,2,34300.0
223,2,22700.0
224,1,32400.0
224,1,35300.0
224,1,28000.0
224,2,7500.0
224,1,39100.0
224,2,20100.0
224,2,25700.0
224,2,30300.0
224,2,8000.0
224,2,15100.0
224,2,23800.0
224,1,28200.0
224,1,39800.0
225,1,32800.0
225,1,31500.0
225,2,34300.0
225,2,19900.0
226,1,23900.0
226,1,35300.0
226,2,18700.0
226,1,15900.0
226,2,20700.0
226,2,8600.0
226,2,21200.0
226,1,34200.0
226,1,37000.0
226,2,29000.0
226,1,2400.0
226,2,27500.0
226,1,16800.0
226,2,29300.0
226,2,13200.0
227,2,23600.0
227,2,19000.0
227,2,5200.0
227,1,17700.0
227,1,34700.0
227,2,39700.0
227,2,26000.0
227,2,35100.0
227,2,15400.0
227,1,8500.0
227,2,28500.0
227,1,27200.0
227,1,4600.0
227,2,2900.0
227,2,31400.0
227,2,18500.0
227,1,25900.0
227,1,33000.0
227,2,29700.0
228,1,34800.0
229,2,37700.0
229,1,18700.0
229,1,4000.0
229,2,31600.0
229,2,34600.0
229,2,26100.0
229,2,31500.0
229,1,39700.0
229,2,32500.0
229,2,12800.0
229,2,33800.0
229,2,38300.0
229,2,35900.0
229,2,23100.0
229,2,27300.0
229,1,2100.0
229,1,8100.0
229,2,4900.0
229,2,3000.0
230,2,15600.0
230,2,20800.0
230,2,12600.0
230,1,11200.0
230,2,23400.0
230,1,34000.0
230,2,29400.0
231,2,34200.0
231,1,9300.0
231,2,22500.0
231,1,24000.0
232,1,11600.0
232,2,30500.0
232,1,10700.0
232,1,9200.0
232,1,33000.0
232,2,8700.0
232,1,1700.0
232,2,20100.0
232,2,5400.0
233,1,2500.0
233,2,22400.0
233,2,8000.0
233,1,26100.0
233,1,20300.0
233,1,18600.0
233,1,17900.0
233,1,28000.0
233,2,16300.0
233,1,27700.0
233,2,39600.0
233,2,31600.0
233,1,28800.0
234,1,15100.0
234,1,28300.0
234,2,5700.0
234,2,17500.0
234,2,35300.0
235,1,28700.0
235,1,10000.0
236,1,19500.0
236,2,20900.0
236,2,5000.0
236,2,21300.0
236,2,9200.0
236,2,38700.0
236,2,6000.0
236,2,39100.0
236,2,6000.0
237,1,1600.0
237,2,12300.0
237,2,9700.0
237,1,19200.0
237,2,38800.0
237,2,38400.0
237,1,6500.0
237,2,3800.0
238,1,36200.0
238,2,24800.0
238,1,36400.0
238,2,12500.0
238,2,15400.0
238,1,26600.0
238,1,19100.0
238,2,38800.0
238,2,39700.0
238,2,16600.0
238,1,36900.0
238,2,13000.0
238,1,31900.0
238,1,8500.0
238,1,14500.0
238,2,34200.0
238,1,38600.0
238,1,12100.0
239,1,6100.0
239,2,3800.0
239,2,19000.0
239,1,21900.0
239,1,5000.0
239,1,31900.0
239,2,17300.0
239,1,11100.0
239,1,5000.0
239,2,13900.0
239,2,6600.0
239,1,29900.0
239,2,26100.0
239,1,18400.0
239,1,9500.0
239,2,20000.0
239,1,2800.0
240,1,11100.0
240,2,19900.0
240,1,37400.0
240,1,39600.0
240,1,8100.0
240,2,15200.0
240,1,5700.0
240,2,2900.0
240,2,4300.0
240,1,26600.0
240,2,32800.0
240,1,31400.0
240,2,10000.0
240,2,36800.0
240,1,25000.0
240,2,2700.0
240,1,8600.0
240,1,21500.0
240,2,9600.0
241,2,19600.0
241,2,7200.0
241,1,11900.0
241,1,28400.0
242,1,33600.0
242,1,33500.0
242,2,21800.0
242,2,33200.0
242,2,7600.0
242,2,13900.0
242,2,1400.0
242,2,5500.0
242,1,12700.0
243,2,1700.0
243,1,9900.0
243,2,38200.0
243,1,20300.0
243,1,16500.0
243,1,8300.0
243,2,19600.0
243,1,22100.0
243,2,24700.0
243,1,8400.0
243,1,29100.0
243,1,7900.0
243,1,20800.0
243,1,4400.0
244,2,28400.0
244,1,1200.0
244,2,9000.0
244,2,25000.0
244,2,9800.0
244,2,35200.0
244,2,33700.0
244,1,34700.0
244,2,34000.0
244,2,38800.0
244,2,14700.0
244,1,9700.0
244,2,20300.0
244,1,36200.0
244,2,14600.0
244,2,18500.0
244,1,18900.0
244,1,8300.0
245,2,38700.0
245,1,7700.0
245,1,13700.0
245,1,23500.0
245,1,34800.0
245,2,24800.0
245,2,18800.0
245,2,32600.0
245,1,31600.0
245,2,14700.0
245,2,16200.0
245,1,33500.0
245,2,35500.0
245,2,29700.0
245,2,20800.0
245,2,17100.0
245,2,27600.0
245,2,28800.0
245,1,6000.0
246,1,38700.0
246,1,20200.0
246,1,8100.0
246,1,28200.0
246,1,6200.0
246,1,12800.0
246,2,5500.0
246,1,29800.0
246,1,2700.0
246,2,34900.0
246,1,10900.0
247,1,30900.0
247,1,35400.0
247,2,18400.0
247,2,21400.0
248,2,18400.0
248,2,31000.0
248,1,21200.0
248,1,8200.0
248,1,27300.0
248,1,11300.0
248,2,1300.0
248,1,7600.0
248,1,24000.0
248,2,35300.0
248,1,2500.0
248,1,39000.0
248,1,36600.0
249,2,18000.0
249,2,35600.0
249,2,37300.0
249,1,11000.0
249,1,2300.0
249,2,35600.0
249,1,3400.0
249,1,16400.0
249,1,6300.0
250,2,13800.0
250,1,22700.0
250,1,6800.0
250,2,34300.0
251,2,20200.0
251,2,15300.0
251,2,32300.0
251,1,24700.0
251,2,24900.0
251,1,27800.0
251,2,20000.0
251,2,15800.0
251,1,37200.0
251,1,27200.0
251,2,34800.0
251,1,9800.0
251,1,33500.0
251,2,6900.0
251,2,31000.0
251,2,14800.0
251,1,17700.0
252,1,4600.0
253,2,27600.0
253,1,13100.0
253,1,27600.0
253,1,18900.0
253,1,32200.0
253,2,9800.0
253,2,10000.0
253,2,31400.0
253,2,32100.0
253,2,18600.0
253,2,35200.0
253,1,25600.0
253,1,21700.0
253,2,10600.0
254,2,39500.0
254,2,34700.0
254,2,15300.0
255,1,32100.0
255,2,13400.0
255,2,14700.0
255,2,28200.0
255,2,6400.0
255,1,30700.0
255,2,3300.0
255,1,3000.0
255,2,4000.0
256,2,6700.0
256,2,27100.0
256,2,14100.0
256,1,7600.0
256,2,33500.0
256,1,31500.0
256,1,10800.0
256,1,19800.0
256,1,36100.0
256,2,6900.0
256,2,5900.0
256,2,38700.0
256,1,39100.0
256,2,17900.0
256,1,39600.0
257,2,11900.0
257,2,31500.0
257,2,38900.0
257,1,5900.0
257,2,16700.0
257,2,37800.0
257,2,27200.0
257,2,37200.0
257,2,24800.0
257,2,9100.0
257,1,7700.0
257,1,2600.0
257,2,7800.0
257,2,24300.0
257,1,12300.0
257,1,30000.0
257,2,2900.0
259,1,27000.0
259,1,22500.0
259,1,4400.0
259,2,1900.0
259,2,10300.0
259,2,23200.0
259,2,27400.0
260,2,7400.0
260,2,19100.0
260,2,37900.0
260,2,24900.0
260,1,12900.0
260,1,6600.0
260,2,2600.0
260,2,8000.0
260,2,36000.0
260,2,16900.0
260,1,14100.0
260,2,7500.0
261,1,21300.0
261,1,25600.0
261,1,30600.0
261,2,22000.0
261,1,33700.0
262,2,11500.0
263,2,17200.0
263,2,8500.0
263,2,27800.0
263,1,28900.0
263,2,1100.0
263,2,20100.0
263,1,5200.0
263,1,7200.0
263,1,2300.0
263,1,21700.0
263,2,29800.0
263,1,26500.0
263,2,3000.0
263,1,24700.0
263,1,34900.0
264,1,8600.0
264,2,24400.0
264,1,25800.0
264,2,7300.0
265,1,13900.0
265,1,5800.0
265,1,20900.0
265,1,32300.0
265,1,1400.0
265,2,17200.0
265,1,18300.0
265,1,30400.0
265,2,5600.0
265,1,33600.0
265,2,29700.0
265,2,37100.0
265,2,32900.0
265,1,29300.0
265,2,27700.0
265,1,2700.0
265,1,4300.0
265,2,10100.0
265,2,38100.0
266,1,12000.0
266,1,4300.0
266,2,12900.0
266,1,3400.0
266,2,6300.0
266,1,33400.0
266,2,19200.0
266,2,23900.0
266,1,2800.0
266,1,33000.0
266,1,31800.0
266,1,31300.0
266,1,1000.0
266,2,36500.0
266,1,13000.0
266,2,2800.0
266,1,17600.0
266,2,35800.0
267,1,25000.0
267,1,17600.0
267,2,7200.0
267,2,34000.0
267,2,5500.0
267,2,22200.0
267,2,39100.0
267,2,27200.0
267,1,10900.0
267,2,17300.0
268,2,8700.0
268,2,13100.0
268,2,13200.0
268,2,16700.0
268,2,15700.0
268,1,31100.0
268,2,14000.0
268,1,26600.0
268,1,28200.0
268,1,15500.0
268,1,38900.0
268,2,7800.0
268,2,4400.0
268,1,34800.0
268,2,15700.0
268,1,28200.0
268,2,33200.0
268,1,20200.0
269,1,8900.0
269,2,35100.0
269,2,35200.0
269,1,5600.0
269,2,3900.0
269,1,1300.0
269,2,4600.0
269,1,39000.0
269,2,9800.0
269,2,29700.0
269,1,5100.0
269,2,33500.0
269,2,18800.0
269,2,7700.0
269,1,4300.0
269,2,5100.0
269,1,26200.0
270,2,5500.0
270,2,27600.0
270,1,37900.0
270,1,15100.0
270,2,13600.0
270,2,13100.0
270,2,16900.0
270,2,23600.0
270,1,26300.0
270,1,3900.0
270,1,28900.0
270,2,38600.0
270,1,13900.0
270,2,26800.0
271,1,19400.0
271,1,27700.0
271,1,8500.0
273,2,19500.0
273,1,10100.0
273,2,37400.0
273,1,22700.0
273,1,19100.0
273,1,35200.0
273,2,17200.0
273,1,19600.0
274,1,30500.0
274,1,23500.0
274,2,36000.0
274,1,32300.0
274,2,30000.0
274,2,26200.0
274,2,5100.0
274,2,34100.0
274,2,27800.0
274,2,35100.0
274,1,19700.0
274,1,16800.0
274,1,18000.0
275,2,7700.0
275,1,24800.0
276,2,25200.0
276,2,6900.0
276,1,39000.0
276,1,34900.0
276,1,18900.0
276,2,5000.0
276,1,33400.0
276,1,9500.0
276,2,33800.0
276,2,18800.0
276,2,15500.0
276,2,6900.0
276,2,24400.0
276,2,36500.0
277,2,16900.0
277,1,4800.0
277,2,21600.0
277,2,27500.0
277,2,22800.0
277,1,29900.0
277,2,22800.0
277,2,6400.0
277,2,6900.0
277,2,20500.0
277,2,37100.0
277,2,22700.0
277,1,5600.0
277,2,13000.0
277,1,37400.0
277,2,20100.0
277,1,25100.0
278,2,39000.0
278,1,39700.0
278,2,8900.0
278,1,31100.0
278,2,16300.0
278,2,29400.0
278,1,28300.0
278,2,14900.0
278,1,24300.0
278,1,12700.0
278,1,11800.0
278,1,10400.0
278,1,17100.0
278,2,17400.0
278,2,26700.0
278,1,15500.0
278,2,38000.0
278,1,19400.0
278,2,19500.0
279,1,38700.0
279,1,24600.0
279,2,35500.0
279,2,25700.0
279,1,37500.0
279,1,9300.0
279,1,9100.0
279,2,29800.0
279,1,19200.0
279,2,6600.0
279,2,39800.0
279,2,10500.0
279,1,3200.0
279,1,12700.0
279,2,38100.0
279,2,38000.0
279,2,6500.0
281,1,37200.0
281,2,17400.0
281,2,21200.0
281,1,27800.0
281,2,22300.0
281,2,36800.0
281,2,10700.0
281,2,23900.0
281,2,27900.0
281,1,34700.0
281,2,26700.0
281,1,9000.0
281,1,16800.0
281,2,15600.0
281,2,12600.0
282,2,30400.0
282,2,7800.0
282,2,37300.0
282,1,4900.0
282,1,34100.0
282,2,19100.0
282,1,17900.0
282,2,21900.0
282,2,21900.0
282,2,38600.0
282,2,16900.0
282,1,10100.0
282,2,36900.0
282,1,15100.0
282,2,28100.0
283,1,3800.0
283,1,11200.0
283,1,20200.0
283,1,4200.0
283,1,14900.0
284,1,18000.0
284,2,3900.0
284,2,6200.0
284,2,9600.0
284,2,3000.0
284,2,30300.0
285,2,37300.0
285,1,21900.0
285,2,9600.0
285,1,6000.0
285,2,33500.0
285,2,38100.0
285,2,5800.0
285,2,36400.0
285,2,19300.0
285,1,21000.0
285,1,29800.0
285,1,21400.0
285,2,33000.0
286,2,7700.0
286,2,22000.0
286,2,29900.0
286,1,16100.0
286,2,34000.0
286,1,16100.0
286,1,12800.0
286,2,13600.0
286,2,28900.0
287,2,12600.0
287,1,39700.0
287,2,28600.0
287,2,28800.0
287,1,4700.0
287,2,9300.0
287,1,39900.0
287,1,23000.0
287,1,24700.0
287,2,8200.0
287,1,12600.0
287,1,14100.0
287,2,36700.0
287,1,10200.0
288,2,36400.0
288,2,3100.0
288,1,1400.0
288,1,36300.0
288,2,11000.0
288,1,22300.0
288,1,36600.0
288,2,37900.0
288,2,34800.0
289,2,10300.0
289,2,1400.0
289,1,39800.0
290,2,35900.0
290,1,34400.0
290,2,32800.0
290,2,23000.0
290,1,19200.0
290,1,36900.0
290,1,8600.0
290,1,36800.0
290,1,23900.0
290,1,31300.0
290,2,7800.0
290,2,6700.0
290,2,32900.0
290,2,4200.0
290,1,1400.0
290,1,32000.0
290,1,21300.0
290,2,32000.0
290,2,36000.0
291,1,20900.0
291,2,13000.0
291,1,14100.0
291,2,37100.0
291,1,12800.0
291,1,17000.0
291,1,25100.0
291,1,14000.0
291,1,25600.0
291,2,8600.0
291,1,21100.0
291,1,7400.0
291,2,21500.0
291,2,3200.0
291,2,14500.0
291,1,5500.0
291,2,7200.0
291,1,22500.0
291,2,29500.0
292,2,17300.0
292,1,20800.0
292,2,7200.0
292,2,27800.0
292,1,18200.0
292,2,19200.0
292,1,33100.0
292,1,14400.0
292,2,37300.0
292,2,12300.0
292,1,24400.0
292,1,4900.0
292,1,19800.0
292,2,29700.0
293,1,23000.0
293,1,15300.0
293,1,9200.0
293,2,25400.0
293,1,37800.0
293,1,4700.0
294,2,38200.0
294,1,5400.0
294,2,12800.0
295,2,28200.0
295,2,31700.0
295,1,39700.0
295,2,31600.0
295,1,31700.0
295,2,6700.0
295,2,10900.0
295,2,1800.0
295,1,1300.0
295,1,18800.0
295,2,1300.0
295,1,38600.0
295,2,23500.0
295,2,23300.0
295,2,26600.0
295,1,5400.0
295,1,27800.0
295,2,3600.0
296,2,31100.0
296,2,20500.0
296,1,24500.0
297,1,34100.0
297,2,5300.0
297,2,37800.0
297,1,15300.0
297,1,17900.0
297,2,18800.0
298,2,37500.0
298,1,13700.0
299,2,23600.0
299,2,9400.0
299,1,20400.0
299,2,25900.0
299,2,34500.0
299,2,34100.0
299,1,39900.0
299,2,14900.0
299,1,23100.0
299,2,32900.0
299,1,25600.0
299,2,16800.0
299,2,25400.0
299,1,25400.0
300,2,28700.0
300,1,35200.0
300,2,10900.0
300,2,33200.0
300,1,31700.0
300,1,13000.0
300,2,20600.0
300,1,24300.0
300,2,6700.0
300,1,16800.0
300,1,33700.0
300,1,4300.0
300,2,28800.0
300,1,38300.0
300,1,8900.0
300,2,2600.0
300,1,16400.0
301,2,28700.0
301,1,17800.0
301,2,27600.0
301,1,33100.0
301,2,15400.0
301,2,22700.0
301,2,28100.0
301,1,13300.0
301,2,12700.0
301,2,29000.0
301,1,11200.0
301,2,30700.0
301,2,8900.0
301,1,1400.0
301,2,29100.0
301,2,17700.0
301,1,2200.0
302,2,35900.0
302,2,34500.0
302,2,3300.0
302,2,20300.0
302,2,22000.0
302,1,14600.0
302,2,30200.0
302,1,7100.0
303,2,6500.0
303,2,15600.0
303,1,17000.0
303,1,35100.0
303,2,36700.0
304,2,21600.0
304,1,10800.0
304,1,25400.0
305,1,5700.0
305,1,15600.0
305,1,2000.0
305,1,34000.0
305,2,21400.0
305,1,13400.0
305,1,20300.0
305,1,2700.0
305,1,5200.0
305,2,16300.0
305,1,31500.0
305,1,33200.0
305,2,31900.0
305,2,19900.0
305,1,32600.0
305,2,38700.0
305,2,16300.0
305,1,29200.0
305,2,26000.0
306,2,20500.0
306,1,11900.0
306,1,31400.0
306,1,14200.0
306,2,17300.0
306,1,31300.0
307,1,27900.0
308,2,13800.0
308,2,36800.0
308,2,10400.0
308,2,19400.0
308,1,32100.0
308,2,25800.0
309,2,29100.0
309,1,35000.0
309,2,23800.0
309,1,22400.0
309,1,10500.0
309,1,14800.0
309,2,32200.0
309,1,4900.0
309,2,33800.0
309,2,27300.0
309,1,9100.0
309,2,25400.0
309,2,6000.0
309,1,17100.0
309,1,37400.0
309,2,27600.0
309,2,14000.0
309,2,34600.0
310,1,38200.0
310,1,18600.0
310,2,16400.0
310,2,24300.0
310,2,25900.0
310,2,29300.0
310,2,13100.0
310,1,38600.0
310,1,20600.0
311,1,24300.0
311,1,22100.0
311,2,7300.0
311,2,13400.0
311,2,5500.0
312,2,11400.0
312,1,30600.0
312,1,17300.0
312,1,24200.0
312,1,2500.0
312,2,20200.0
312,2,31000.0
312,1,18700.0
312,1,17700.0
312,2,24300.0
312,1,36800.0
312,1,37900.0
312,1,10600.0
312,2,10400.0
312,1,30600.0
312,1,4100.0
312,2,12500.0
312,1,6400.0
312,2,28700.0
313,1,22900.0
313,2,33800.0
313,2,24200.0
313,1,25200.0
313,2,6800.0
313,2,37700.0
313,2,23500.0
313,1,3800.0
313,1,29000.0
313,1,2100.0
313,1,22600.0
313,2,14800.0
313,1,29200.0
313,2,29200.0
313,2,10200.0
313,1,38100.0
313,2,6400.0
313,2,22600.0
313,2,4600.0
314,2,25300.0
314,1,4900.0
314,2,37500.0
314,1,27600.0
314,1,16600.0
314,1,20800.0
314,1,26900.0
314,2,2100.0
314,2,31000.0
314,1,16800.0
314,1,38400.0
314,2,17900.0
314,2,29200.0
314,1,27900.0
314,2,31500.0
315,1,22100.0
315,1,1300.0
315,1,21600.0
315,1,19900.0
315,1,21200.0
315,2,27100.0
315,2,27500.0
315,2,9100.0
315,2,4100.0
315,1,3700.0
315,1,19700.0
315,1,8400.0
315,2,31700.0
315,2,12800.0
315,2,37500.0
315,2,4100.0
315,2,20000.0
315,2,4900.0
316,1,5900.0
316,2,21600.0
316,2,29800.0
316,2,24000.0
316,2,24700.0
316,1,4300.0
316,1,15800.0
316,2,11800.0
316,1,31000.0
317,2,30200.0
317,2,22400.0
317,1,9100.0
317,2,1400.0
317,2,35600.0
317,1,3400.0
317,1,12400.0
317,2,9100.0
317,2,18400.0
317,2,38800.0
318,1,5600.0
318,2,27400.0
318,2,19400.0
318,1,33900.0
318,2,39700.0
318,1,36200.0
319,2,7700.0
319,2,24700.0
319,2,31800.0
319,1,5000.0
319,2,33600.0
319,2,13300.0
319,1,11200.0
319,1,19500.0
319,1,32100.0
319,1,16000.0
319,2,32100.0
319,2,23000.0
319,1,35100.0
319,2,12500.0
319,1,18400.0
320,1,22800.0
320,2,38000.0
320,2,11800.0
320,2,31300.0
320,2,33000.0
320,1,4500.0
320,1,27300.0
320,2,19300.0
320,2,31400.0
320,2,39100.0
320,2,36000.0
320,1,36800.0
320,1,15100.0
321,1,16600.0
321,1,10500.0
322,2,12700.0
322,2,37900.0
322,2,24800.0
322,1,9000.0
322,2,14200.0
322,1,38400.0
322,1,34000.0
322,2,19300.0
322,2,6000.0
322,2,35500.0
322,2,19300.0
322,1,32800.0
322,1,10300.0
322,1,11000.0
322,2,1300.0
322,1,12500.0
323,1,18300.0
323,2,37800.0
323,1,23100.0
323,1,33400.0
323,1,15400.0
323,1,39700.0
323,2,12400.0
323,1,12500.0
323,2,8200.0
323,2,15100.0
324,1,39400.0
324,2,3700.0
324,1,19800.0
324,1,11700.0
324,1,4700.0
324,2,13600.0
324,1,11300.0
324,2,37000.0
324,2,12600.0
324,1,13800.0
324,1,5900.0
324,1,21400.0
324,2,12500.0
324,2,33700.0
324,1,11500.0
324,2,34900.0
324,2,21500.0
324,1,10600.0
325,2,24100.0
325,2,27500.0
325,2,23100.0
325,2,37900.0
325,2,30200.0
325,1,27600.0
325,2,29500.0
325,2,20300.0
325,2,24900.0
325,1,33900.0
325,2,38400.0
325,1,24900.0
325,1,27600.0
325,1,13200.0
325,2,12300.0
325,2,29100.0
325,2,29900.0
325,2,22500.0
325,2,3800.0
326,2,15400.0
326,1,1300.0
326,1,33700.0
326,2,38300.0
326,2,24000.0
326,1,36200.0
327,2,31900.0
328,1,23100.0
328,2,37600.0
328,2,7900.0
328,1,37500.0
328,2,13600.0
328,1,33400.0
328,2,4400.0
328,1,36500.0
328,1,15500.0
328,2,32700.0
328,2,2800.0
328,1,13400.0
328,2,28700.0
328,1,19400.0
328,2,25900.0
328,1,29100.0
328,2,36800.0
329,2,10600.0
329,2,11900.0
329,1,5200.0
329,2,13400.0
329,1,32600.0
329,1,23500.0
329,1,4300.0
329,1,16300.0
329,2,12100.0
329,2,29800.0
329,1,16700.0
329,1,10100.0
330,1,37700.0
330,2,38500.0
330,1,31500.0
330,1,14400.0
330,2,38000.0
330,1,26700.0
330,1,16200.0
330,2,33400.0
330,1,26500.0
330,2,15300.0
330,1,23400.0
331,1,4200.0
331,1,26200.0
331,1,25500.0
331,2,33000.0
331,2,22000.0
331,1,21800.0
331,2,12100.0
331,2,12100.0
331,1,15400.0
331,1,16300.0
331,2,39800.0
331,2,5900.0
331,1,6000.0
331,2,4000.0
331,2,18900.0
331,2,16500.0
331,1,14100.0
331,2,17400.0
332,2,22500.0
332,1,37300.0
332,1,33600.0
332,2,27600.0
332,1,9300.0
332,2,18400.0
332,1,6300.0
332,2,36700.0
332,2,8100.0
332,1,21000.0
332,1,15500.0
332,2,1400.0
332,1,21700.0
332,1,3700.0
332,2,12200.0
332,2,29700.0
332,2,10400.0
333,1,21600.0
333,2,16900.0
333,2,38300.0
333,1,27800.0
333,2,16900.0
333,1,7300.0
333,1,3700.0
333,2,24100.0
333,1,36000.0
333,1,32900.0
333,2,11700.0
333,1,10300.0
333,2,5000.0
333,1,18100.0
333,2,12600.0
333,2,35700.0
333,2,31900.0
333,2,1900.0
333,1,12900.0
334,2,10200.0
334,2,31100.0
334,2,38500.0
334,1,4800.0
334,1,37200.0
334,2,39400.0
334,2,32800.0
334,1,18800.0
334,1,34400.0
334,2,7300.0
334,1,17100.0
334,2,8700.0
334,2,24800.0
334,1,1700.0
334,2,13200.0
334,2,2900.0
334,1,4100.0
335,1,35500.0
335,2,19100.0
335,1,32100.0
335,2,36500.0
335,1,22400.0
335,1,31800.0
335,2,27400.0
335,1,27000.0
335,2,13600.0
335,2,16100.0
335,1,33500.0
336,1,21000.0
336,2,3200.0
336,2,3600.0
336,1,3800.0
336,1,21500.0
336,1,31800.0
337,1,31700.0
337,2,25500.0
337,1,1100.0
337,2,32900.0
337,2,39900.0
337,1,6200.0
338,1,36600.0
338,2,10000.0
338,1,19200.0
339,1,34800.0
339,2,23800.0
339,2,38600.0
339,2,7300.0
339,2,15600.0
339,1,5200.0
339,1,19800.0
340,1,10300.0
340,2,17300.0
340,2,14000.0
341,2,4400.0
341,2,23000.0
341,1,32000.0
341,2,36100.0
341,1,13000.0
341,1,13000.0
342,1,2300.0
342,1,8700.0
342,1,11300.0
342,2,1800.0
342,1,12200.0
342,2,29000.0
343,1,4900.0
343,1,36500.0
343,2,32200.0
343,2,23200.0
343,2,10900.0
343,2,32500.0
344,1,12800.0
344,2,34100.0
344,2,14500.0
344,2,28600.0
344,1,19900.0
344,1,10700.0
344,1,21800.0
344,1,32500.0
344,1,5400.0
345,1,21400.0
345,2,23000.0
345,1,29800.0
345,2,10000.0
345,1,26800.0
345,1,19500.0
346,1,10500.0
346,1,20600.0
346,2,38100.0
346,1,37900.0
346,1,2100.0
346,2,14600.0
346,2,37900.0
346,1,24200.0
346,2,4600.0
346,1,28700.0
346,2,21600.0
346,1,37300.0
346,2,39400.0
346,1,37400.0
346,1,20500.0
346,2,19400.0
346,2,4300.0
346,1,23300.0
346,1,16800.0
347,1,10100.0
347,1,34300.0
347,1,35400.0
347,1,8500.0
348,2,16900.0
348,1,9200.0
348,1,19700.0
348,1,16400.0
349,2,37900.0
349,2,16000.0
349,1,29900.0
349,1,29900.0
349,1,36900.0
349,1,4900.0
349,1,29700.0
349,2,2500.0
349,1,10200.0
350,2,20600.0
350,1,4700.0
350,1,19300.0
350,1,37800.0
350,2,14700.0
350,2,38400.0
350,1,21600.0
350,2,4200.0
350,1,29900.0
350,2,10400.0
350,2,20200.0
350,1,36800.0
350,2,3600.0
350,2,28500.0
350,1,33500.0
350,2,30400.0
350,2,30500.0
351,2,26100.0
351,1,1200.0
351,1,20400.0
351,1,34600.0
351,2,33400.0
352,1,3700.0
352,1,17800.0
352,1,10700.0
352,1,30300.0
352,1,15000.0
352,1,28500.0
352,2,31600.0
352,1,28200.0
352,1,1100.0
352,2,16800.0
352,1,12900.0
352,1,14800.0
353,1,4600.0
353,1,37500.0
353,1,36700.0
353,1,18400.0
353,2,1100.0
353,2,27700.0
353,1,13900.0
353,1,37700.0
353,1,19500.0
353,1,13200.0
353,2,29100.0
353,1,31200.0
353,1,15800.0
353,2,38900.0
353,2,39000.0
353,1,39300.0
353,1,23800.0
354,2,36900.0
354,1,2100.0
355,1,39900.0
355,1,14500.0
355,1,36600.0
355,1,4800.0
355,1,23900.0
355,2,34400.0
355,1,9400.0
355,2,11900.0
355,2,16500.0
355,2,15700.0
355,2,32400.0
355,2,7200.0
355,1,36400.0
355,2,33500.0
355,2,30900.0
355,2,5400.0
355,1,9300.0
355,2,11100.0
356,2,20100.0
356,1,29900.0
356,2,25500.0
356,2,1900.0
357,1,20200.0
357,1,27800.0
357,1,32200.0
357,1,15100.0
357,2,39600.0
357,2,20400.0
357,1,36200.0
357,2,34800.0
357,1,38900.0
357,1,13200.0
357,2,18600.0
358,1,22200.0
358,2,6500.0
358,2,34100.0
358,1,14100.0
358,2,3200.0
358,2,15800.0
358,1,1200.0
358,2,34100.0
358,1,23000.0
358,1,39000.0
359,1,6900.0
359,2,11100.0
359,2,7500.0
359,1,33700.0
359,2,18600.0
359,1,10500.0
359,2,16500.0
359,2,27200.0
359,2,15700.0
359,2,22100.0
360,2,30100.0
360,1,32400.0
360,2,29800.0
360,2,23700.0
360,2,25900.0
360,2,28500.0
360,2,19600.0
360,1,35400.0
360,1,14800.0
360,1,3500.0
360,1,19200.0
360,1,33700.0
361,1,35500.0
361,2,17300.0
361,1,37300.0
361,2,35100.0
361,1,25700.0
361,2,7600.0
361,2,25000.0
361,2,21000.0
361,2,24500.0
361,2,6900.0
361,2,1900.0
361,2,2400.0
361,1,13400.0
362,1,35000.0
362,1,29900.0
362,2,14500.0
362,2,35900.0
362,2,13900.0
362,1,31800.0
362,1,39500.0
362,2,28700.0
362,1,6600.0
363,1,16600.0
363,1,38700.0
363,2,29800.0
363,1,24700.0
363,1,4100.0
363,1,11000.0
364,1,10000.0
364,2,19900.0
364,2,25200.0
364,1,18800.0
364,2,20100.0
364,1,20100.0
364,2,31700.0
364,1,17800.0
364,2,39900.0
364,1,26000.0
364,1,7400.0
364,1,14300.0
364,2,17900.0
364,1,14700.0
364,2,17900.0
364,2,28700.0
364,1,18400.0
364,2,39500.0
364,2,7600.0
365,1,17700.0
365,1,8800.0
366,2,14000.0
366,2,21300.0
366,2,23800.0
366,1,22800.0
366,2,32800.0
366,1,18500.0
367,2,2600.0
368,2,12400.0
368,2,13300.0
368,1,4300.0
368,2,38100.0
368,2,22800.0
369,2,6000.0
369,1,22400.0
369,2,22100.0
369,2,2400.0
369,2,21100.0
369,2,24300.0
369,1,23800.0
369,1,30200.0
369,2,30100.0
369,2,18700.0
369,2,21500.0
369,1,8600.0
369,1,8300.0
369,2,15600.0
369,2,4500.0
370,2,33900.0
370,2,37400.0
370,2,19900.0
370,1,8900.0
370,2,25400.0
370,2,11600.0
370,1,34400.0
370,1,26500.0
370,1,27400.0
370,2,22100.0
370,1,28700.0
370,1,35200.0
370,2,16000.0
370,1,23900.0
370,2,17800.0
370,1,10500.0
370,2,25000.0
370,2,33400.0
370,2,24000.0
371,1,19300.0
371,1,4000.0
371,2,34500.0
371,1,6800.0
371,1,28600.0
371,2,7200.0
371,1,11700.0
371,1,1000.0
371,2,21000.0
372,2,26900.0
372,1,28800.0
372,1,38500.0
372,1,24200.0
372,1,23100.0
372,2,29000.0
373,2,14100.0
373,1,30000.0
373,2,28900.0
373,2,35200.0
373,2,34300.0
373,1,36800.0
373,1,16800.0
373,1,39000.0
373,1,19400.0
373,1,28000.0
374,2,7800.0
374,2,26200.0
374,2,11700.0
374,1,24300.0
374,1,7700.0
374,2,19700.0
374,1,4200.0
375,2,17400.0
375,1,9700.0
375,2,31200.0
375,1,32800.0
375,2,37800.0
375,2,5600.0
375,1,24900.0
375,1,3400.0
376,1,21500.0
376,2,14600.0
376,1,27500.0
376,2,12100.0
376,1,2400.0
376,2,8400.0
376,1,23700.0
376,1,12200.0
376,1,9700.0
377,1,15500.0
377,2,37400.0
377,1,30500.0
377,2,2200.0
377,2,9900.0
377,1,14000.0
377,1,23700.0
377,2,16600.0
377,1,22600.0
377,1,37200.0
377,1,37900.0
378,2,38700.0
378,2,20100.0
378,1,25300.0
378,2,31000.0
378,2,14800.0
378,1,17000.0
378,2,32300.0
378,1,15300.0
378,1,8700.0
378,2,2600.0
378,1,18400.0
378,2,28200.0
378,2,22500.0
379,2,35600.0
379,2,19700.0
379,1,25200.0
379,1,7200.0
380,1,37500.0
380,1,16000.0
380,2,4700.0
381,2,19700.0
381,2,23000.0
382,2,29400.0
382,2,28800.0
382,2,10400.0
382,1,19100.0
382,1,1900.0
382,2,28900.0
382,2,29100.0
382,2,16700.0
382,2,32100.0
382,1,14300.0
382,1,22700.0
382,2,1200.0
382,2,39900.0
382,1,29700.0
382,2,20600.0
382,1,29500.0
383,1,10800.0
383,2,12200.0
383,2,34600.0
383,1,7900.0
383,2,29900.0
383,1,26600.0
383,2,10200.0
383,2,19000.0
383,2,21100.0
383,2,32700.0
383,2,28200.0
383,1,37800.0
384,1,35600.0
384,1,15400.0
384,2,9700.0
384,2,1700.0
384,2,7800.0
384,2,39200.0
384,2,38200.0
384,1,20500.0
384,2,17600.0
384,1,21600.0
384,2,23200.0
384,1,31500.0
384,2,2700.0
384,2,14000.0
385,2,37900.0
385,2,3200.0
385,1,3600.0
385,1,31600.0
385,1,2500.0
385,1,8700.0
385,2,24400.0
385,2,1100.0
385,1,39700.0
385,1,5900.0
385,2,14900.0
385,1,23400.0
385,2,30400.0
385,1,35300.0
385,2,35200.0
386,2,24500.0
386,1,30700.0
386,1,12700.0
386,2,31000.0
386,2,32400.0
386,1,7300.0
386,2,10500.0
386,2,8900.0
386,1,34200.0
386,1,9600.0
386,1,36900.0
386,2,2200.0
386,1,22300.0
386,1,34900.0
387,1,9000.0
387,2,28200.0
387,1,16800.0
387,1,5600.0
387,1,28400.0
387,2,1200.0
387,1,28400.0
387,2,18500.0
387,1,33900.0
387,1,32700.0
387,2,12000.0
388,2,15800.0
388,2,7100.0
388,2,38600.0
388,1,36300.0
388,2,10400.0
388,2,24500.0
389,1,31900.0
389,1,20600.0
389,1,16200.0
389,1,38100.0
389,1,37100.0
389,2,19900.0
389,1,18100.0
389,2,16200.0
389,2,21500.0
389,2,20100.0
389,1,35500.0
389,2,3200.0
389,2,15800.0
389,1,33100.0
389,1,5100.0
389,1,22700.0
389,1,39500.0
389,2,26500.0
390,2,20300.0
390,2,10600.0
390,1,28400.0
390,2,22300.0
390,1,34500.0
390,2,12900.0
391,2,1500.0
391,1,39200.0
391,1,12300.0
391,1,21800.0
391,1,14900.0
391,1,38500.0
391,2,7600.0
391,2,1600.0
393,2,7400.0
393,1,34100.0
393,2,28100.0
393,2,3300.0
393,2,7000.0
393,1,30100.0
393,1,6100.0
393,2,13500.0
393,2,11600.0
393,2,27700.0
393,1,20300.0
393,1,12400.0
393,2,35200.0
393,1,15000.0
394,2,20800.0
394,1,21000.0
394,2,39500.0
394,1,25300.0
394,1,22900.0
395,2,21700.0
395,2,22200.0
395,2,16400.0
395,2,22200.0
395,2,21100.0
395,2,39900.0
396,1,34900.0
396,1,14200.0
396,1,12700.0
396,2,10100.0
396,1,36100.0
396,2,14400.0
396,1,24300.0
396,2,27600.0
396,2,15600.0
396,2,3200.0
396,2,21100.0
396,1,7900.0
396,2,24600.0
396,1,28600.0
396,1,11900.0
396,2,28700.0
397,2,4500.0
397,1,21400.0
397,1,20400.0
397,2,14700.0
397,1,24300.0
397,1,27900.0
397,1,30100.0
397,1,17200.0
397,1,7200.0
397,2,13300.0
397,2,18500.0
397,2,22900.0
397,2,2300.0
398,2,4700.0
398,1,7500.0
398,2,16500.0
398,1,13500.0
398,2,27800.0
398,1,23000.0
398,2,37100.0
398,2,11000.0
398,1,24800.0
398,2,33200.0
398,1,23300.0
398,2,23000.0
398,2,21200.0
398,1,31500.0
398,2,12100.0
398,1,20900.0
398,2,21300.0
398,1,26700.0
398,1,29300.0
399,2,13400.0
399,1,33400.0
400,2,5900.0
400,2,4500.0
400,2,13200.0
400,2,6600.0
400,2,28900.0
400,2,28100.0
400,1,33600.0
400,2,3200.0
400,1,4900.0
