1,101,7564,210000.0
1,101,7829,264000.0
1,101,7029,118000.0
1,101,5879,343000.0
1,101,6838,132000.0
1,101,6230,93000.0
1,101,424,233000.0
1,102,541,259000.0
1,102,5924,238000.0
1,102,2733,311000.0
1,102,5700,317000.0
1,102,2121,165000.0
1,102,1345,286000.0
1,102,842,169000.0
1,102,2157,186000.0
1,102,6284,192000.0
1,103,5656,285000.0
1,103,5183,334000.0
1,103,2254,320000.0
1,103,2011,107000.0
1,103,7152,266000.0
1,103,7588,194000.0
4,101,7353,58000.0
4,101,7615,115000.0
4,101,2897,321000.0
4,101,4415,136000.0
4,101,6940,63000.0
4,101,1954,203000.0
4,101,1819,192000.0
4,101,6357,155000.0
4,101,1859,210000.0
4,102,580,98000.0
4,102,3852,176000.0
4,102,4055,128000.0
5,101,1305,213000.0
5,101,4540,330000.0
5,101,1366,341000.0
5,101,5321,216000.0
5,101,7767,233000.0
5,101,5387,330000.0
5,101,4583,313000.0
5,101,7750,243000.0
5,101,2570,77000.0
5,101,2090,147000.0
5,101,6852,206000.0
5,101,7366,309000.0
6,101,7604,286000.0
6,101,893,155000.0
6,101,6367,214000.0
6,101,3814,97000.0
6,101,505,265000.0
6,101,4577,177000.0
6,101,7501,67000.0
6,101,3895,104000.0
6,102,2885,224000.0
6,102,7281,219000.0
6,102,4880,275000.0
6,103,193,312000.0
6,103,2780,166000.0
6,103,3468,80000.0
6,103,3023,173000.0
6,103,4900,173000.0
6,103,3898,70000.0
6,103,1414,264000.0
6,103,1353,93000.0
6,103,4432,200000.0
6,103,5747,82000.0
7,101,4250,180000.0
7,101,2857,94000.0
7,101,3456,329000.0
7,101,2236,161000.0
7,102,4507,166000.0
7,102,3960,331000.0
7,102,7816,78000.0
7,102,7202,158000.0
7,102,283,299000.0
7,102,4295,171000.0
7,102,536,183000.0
7,102,4606,138000.0
7,102,3262,269000.0
7,102,1391,338000.0
7,103,1227,107000.0
7,103,6873,267000.0
7,103,5799,81000.0
7,103,6956,106000.0
7,103,6671,124000.0
7,103,3624,328000.0
7,103,1415,182000.0
7,103,4005,186000.0
7,103,315,336000.0
7,103,7089,189000.0
7,103,5141,62000.0
7,103,101,74000.0
7,103,4649,175000.0
7,103,1241,53000.0
7,103,2495,190000.0
7,103,3936,323000.0
7,103,5491,78000.0
7,104,7145,311000.0
7,104,3282,152000.0
7,104,1519,242000.0
7,104,7919,321000.0
7,104,892,177000.0
7,104,7650,63000.0
7,104,1263,95000.0
7,104,2282,306000.0
7,104,5633,78000.0
7,104,2151,257000.0
7,105,6245,317000.0
7,105,6493,274000.0
7,105,6923,79000.0
7,105,4613,149000.0
7,105,3741,187000.0
7,105,2404,273000.0
7,105,106,59000.0
7,105,1887,179000.0
7,105,3693,103000.0
7,105,2448,266000.0
7,105,1505,187000.0
7,105,327,229000.0
7,105,6952,207000.0
7,105,6776,159000.0
7,105,4081,269000.0
7,105,1393,245000.0
7,105,5945,255000.0
7,106,3074,67000.0
7,106,6742,207000.0
7,106,7407,294000.0
7,106,2466,53000.0
7,106,489,275000.0
7,106,4741,341000.0
7,106,1243,297000.0
7,106,4843,264000.0
7,106,6093,242000.0
7,106,11,103000.0
7,106,4357,296000.0
7,106,6377,267000.0
7,106,6268,272000.0
7,106,322,98000.0
7,106,3453,88000.0
7,106,5352,247000.0
7,106,5144,291000.0
7,107,3276,274000.0
7,107,230,165000.0
7,107,200,63000.0
7,107,4479,197000.0
7,107,2257,200000.0
7,107,248,58000.0
7,107,2763,117000.0
7,107,1335,115000.0
8,101,218,186000.0
8,101,7241,267000.0
8,101,4863,196000.0
8,101,1790,149000.0
8,101,3045,161000.0
8,101,6679,73000.0
8,102,5615,225000.0
8,102,694,77000.0
8,102,4535,71000.0
8,102,7183,83000.0
8,102,805,300000.0
8,102,1884,272000.0
8,102,6393,281000.0
8,102,4643,199000.0
8,102,5811,190000.0
8,102,2259,115000.0
8,102,2439,132000.0
8,102,3316,191000.0
8,103,3003,91000.0
8,103,542,108000.0
8,103,43,285000.0
8,103,7602,162000.0
8,103,5828,238000.0
8,103,2253,183000.0
8,103,7638,199000.0
8,103,6517,70000.0
8,103,2371,104000.0
8,103,5682,181000.0
8,103,4468,204000.0
8,103,3403,155000.0
8,103,4185,117000.0
8,103,4867,275000.0
8,103,1692,264000.0
8,103,4680,200000.0
9,101,656,187000.0
9,101,748,285000.0
9,101,5552,295000.0
9,101,3847,55000.0
9,101,161,210000.0
9,101,1695,274000.0
9,101,2399,250000.0
9,101,2636,339000.0
9,101,4886,185000.0
9,101,5626,287000.0
9,101,1135,294000.0
9,101,1700,208000.0
9,101,5418,280000.0
9,102,7741,138000.0
9,102,3756,206000.0
9,102,2144,219000.0
9,102,1758,163000.0
9,102,3323,124000.0
9,102,3073,133000.0
9,102,7672,286000.0
9,102,5984,233000.0
9,102,1164,321000.0
9,102,4287,187000.0
9,102,3993,87000.0
9,102,3903,170000.0
9,102,5591,67000.0
9,102,6877,124000.0
9,102,1594,93000.0
9,102,2559,329000.0
9,103,5974,231000.0
9,103,2123,84000.0
9,103,4457,319000.0
9,103,871,229000.0
9,103,4296,163000.0
9,103,7595,346000.0
9,103,7941,153000.0
9,103,2841,190000.0
9,103,4597,110000.0
9,103,7723,171000.0
9,103,4809,128000.0
10,101,918,339000.0
10,101,3278,74000.0
10,101,558,138000.0
10,101,5374,120000.0
10,101,5047,306000.0
10,101,3928,103000.0
10,101,7791,338000.0
10,101,5266,177000.0
10,101,1611,187000.0
10,101,7425,67000.0
10,101,2454,175000.0
10,101,5495,259000.0
10,101,1674,119000.0
10,102,7190,331000.0
10,102,6072,178000.0
10,102,5807,53000.0
10,102,638,184000.0
10,102,6360,286000.0
10,102,4655,185000.0
10,102,1405,79000.0
10,102,7318,107000.0
10,102,6510,334000.0
10,102,5031,201000.0
10,102,5961,117000.0
10,102,4636,70000.0
10,102,2834,230000.0
10,102,5084,322000.0
10,102,7545,140000.0
10,102,594,220000.0
10,103,2350,74000.0
10,103,74,76000.0
10,103,4805,200000.0
10,103,4316,345000.0
10,103,6707,72000.0
10,103,798,312000.0
10,103,1845,214000.0
10,103,3097,183000.0
10,103,3592,342000.0
10,103,2321,126000.0
10,103,6411,183000.0
10,104,6484,248000.0
10,104,5133,104000.0
10,104,439,124000.0
10,104,3954,278000.0
10,104,6811,152000.0
10,104,1229,132000.0
10,104,7044,315000.0
10,104,2076,247000.0
10,104,1955,135000.0
10,104,7905,120000.0
10,105,5571,273000.0
10,105,5701,101000.0
10,105,5404,266000.0
10,105,7822,114000.0
10,105,4914,211000.0
10,105,3943,164000.0
10,105,1645,221000.0
10,105,1128,345000.0
10,105,1360,126000.0
10,105,6017,309000.0
10,105,175,199000.0
10,105,6199,204000.0
10,105,3991,139000.0
10,105,2105,209000.0
10,105,715,221000.0
10,105,6943,211000.0
10,105,2740,73000.0
10,105,2688,183000.0
10,105,4768,169000.0
10,106,1724,326000.0
10,106,4719,67000.0
10,106,3581,274000.0
10,106,4387,148000.0
10,106,4754,271000.0
10,106,3961,154000.0
10,106,2384,176000.0
10,106,4484,95000.0
10,106,4727,302000.0
10,106,7847,202000.0
10,106,1851,107000.0
12,101,4519,175000.0
12,101,2242,188000.0
12,101,1569,54000.0
12,102,1344,116000.0
12,102,5921,147000.0
12,102,5587,119000.0
12,102,5194,151000.0
12,102,2351,276000.0
12,102,2544,232000.0
12,102,7578,312000.0
12,102,5694,235000.0
12,102,1996,341000.0
12,102,6050,207000.0
12,102,3193,57000.0
12,102,5214,240000.0
12,102,862,157000.0
12,102,2142,63000.0
12,102,5083,217000.0
12,102,1891,167000.0
12,102,5209,347000.0
12,102,2443,287000.0
13,101,4112,116000.0
13,101,6598,126000.0
13,101,2132,222000.0
13,101,7138,81000.0
13,101,1542,280000.0
13,101,7755,203000.0
13,101,7122,339000.0
13,101,258,168000.0
13,102,1106,146000.0
13,102,4269,140000.0
13,102,7387,306000.0
13,102,5830,116000.0
13,102,7120,119000.0
13,102,7639,333000.0
13,102,4930,335000.0
13,102,7678,57000.0
13,102,4321,67000.0
13,102,7732,165000.0
13,102,3923,180000.0
13,102,7724,161000.0
13,102,160,55000.0
13,103,3221,189000.0
13,103,3857,70000.0
13,103,3225,236000.0
13,103,6256,198000.0
13,103,268,255000.0
13,104,2538,345000.0
13,104,7274,128000.0
13,104,311,140000.0
13,104,5074,331000.0
13,104,4881,54000.0
13,104,1019,176000.0
13,104,2528,123000.0
13,104,2126,346000.0
13,104,3793,310000.0
13,104,2073,70000.0
13,104,612,329000.0
13,104,5347,245000.0
13,104,5563,313000.0
13,104,3775,288000.0
13,104,4906,300000.0
13,104,516,327000.0
13,104,4419,270000.0
13,104,6558,227000.0
13,104,1355,318000.0
13,105,6401,208000.0
13,105,3526,67000.0
13,105,1653,95000.0
13,105,4048,225000.0
13,105,4212,61000.0
13,105,4747,200000.0
13,105,2146,338000.0
13,105,4140,108000.0
13,105,4733,156000.0
13,106,3833,163000.0
13,106,4304,338000.0
13,106,6193,335000.0
13,106,6559,126000.0
13,106,3168,140000.0
13,106,2964,178000.0
13,106,7733,147000.0
13,106,3082,94000.0
13,106,4701,319000.0
13,106,3948,335000.0
13,106,3116,310000.0
13,106,4177,198000.0
13,106,2288,243000.0
13,106,1119,287000.0
13,106,2050,109000.0
13,106,5100,232000.0
13,106,5269,343000.0
13,106,6384,92000.0
14,101,4103,239000.0
14,101,6403,318000.0
14,101,7839,329000.0
14,101,5878,213000.0
14,101,2361,133000.0
14,101,7976,61000.0
14,101,6000,294000.0
14,101,1329,83000.0
14,101,697,99000.0
14,101,1604,215000.0
14,101,4027,306000.0
14,101,421,192000.0
14,101,7560,320000.0
14,101,5643,342000.0
14,101,4961,99000.0
14,101,4748,252000.0
14,101,6529,265000.0
14,102,7364,130000.0
14,102,7033,92000.0
14,102,765,126000.0
14,102,7380,243000.0
14,102,4148,120000.0
14,102,6913,239000.0
14,102,4180,72000.0
14,102,1690,158000.0
14,102,5389,285000.0
14,102,7020,135000.0
14,102,2266,110000.0
14,102,158,289000.0
14,102,1127,214000.0
14,102,5771,248000.0
15,101,2258,328000.0
15,101,239,220000.0
15,101,2718,103000.0
15,101,7142,347000.0
15,101,5853,320000.0
15,101,3662,325000.0
15,101,7119,189000.0
15,102,4744,282000.0
15,102,5521,76000.0
15,102,4742,216000.0
15,102,3986,187000.0
15,102,7236,124000.0
15,102,2939,98000.0
15,103,3958,115000.0
15,103,5358,156000.0
15,103,768,77000.0
15,103,4496,221000.0
15,103,2044,87000.0
15,103,2752,84000.0
15,103,1113,181000.0
15,103,2624,192000.0
15,104,2093,125000.0
15,104,2894,187000.0
15,104,7876,214000.0
15,105,7809,91000.0
15,105,7415,286000.0
15,105,4351,194000.0
15,105,5742,148000.0
15,105,5789,236000.0
15,105,3293,185000.0
15,105,5971,198000.0
15,105,1228,250000.0
16,101,7352,303000.0
16,101,5776,180000.0
16,101,3803,153000.0
16,102,7694,53000.0
16,102,1537,78000.0
16,102,3509,303000.0
16,102,6251,217000.0
16,102,7585,164000.0
16,102,1678,160000.0
16,102,299,195000.0
16,102,1590,231000.0
16,102,1574,248000.0
16,102,7745,155000.0
16,102,5929,72000.0
17,101,5243,328000.0
17,101,7859,121000.0
17,101,5819,175000.0
17,101,2578,261000.0
17,101,6144,181000.0
17,101,730,234000.0
17,101,4711,60000.0
17,101,4453,247000.0
17,101,7886,306000.0
17,102,5910,52000.0
17,102,735,346000.0
17,102,2948,68000.0
17,102,1853,95000.0
17,102,6903,153000.0
17,102,2081,62000.0
17,102,334,177000.0
17,102,3614,336000.0
17,102,6027,306000.0
17,102,4899,119000.0
17,102,6860,116000.0
17,102,1901,271000.0
17,102,4830,221000.0
17,102,7951,62000.0
17,103,7431,210000.0
17,103,5147,182000.0
17,103,2085,324000.0
17,103,3800,119000.0
17,103,6295,107000.0
17,103,290,217000.0
17,103,373,235000.0
17,103,3146,234000.0
17,103,1274,294000.0
17,103,2629,166000.0
17,103,3275,283000.0
17,103,7022,107000.0
17,103,3443,83000.0
17,103,7230,51000.0
17,103,3605,277000.0
17,104,4217,314000.0
17,104,3042,344000.0
17,104,3557,276000.0
17,105,2297,153000.0
17,105,7964,212000.0
17,105,7432,230000.0
17,105,6724,123000.0
17,105,2263,306000.0
17,105,2982,172000.0
17,105,5817,210000.0
17,105,2912,64000.0
17,105,280,73000.0
17,105,7646,203000.0
17,105,5950,166000.0
17,105,5737,275000.0
17,105,4578,86000.0
18,101,6561,204000.0
18,101,5722,77000.0
18,101,2815,247000.0
18,101,739,262000.0
18,101,4837,335000.0
18,101,6397,264000.0
18,101,1771,201000.0
18,101,2114,311000.0
18,101,2423,273000.0
18,101,4147,192000.0
18,101,7339,241000.0
18,101,2058,330000.0
18,101,815,113000.0
18,101,3550,172000.0
18,101,2272,304000.0
18,101,5044,240000.0
18,101,3498,163000.0
19,101,4530,85000.0
19,101,4010,345000.0
19,101,3048,263000.0
19,101,4256,167000.0
19,101,5436,64000.0
19,101,6409,249000.0
19,101,4911,123000.0
19,101,2600,278000.0
19,102,6612,262000.0
19,102,3389,280000.0
19,102,1441,108000.0
19,102,6389,144000.0
19,102,4324,218000.0
19,102,4007,171000.0
19,102,2315,104000.0
19,102,3886,270000.0
19,102,1766,302000.0
19,102,6652,77000.0
19,102,3281,89000.0
19,102,1772,246000.0
19,102,870,248000.0
19,102,3203,296000.0
19,102,2593,126000.0
19,103,683,208000.0
19,103,7424,295000.0
19,103,3973,329000.0
19,104,3838,110000.0
19,104,1716,176000.0
19,104,1940,140000.0
19,104,164,269000.0
19,104,1179,343000.0
19,104,1741,87000.0
19,104,4433,83000.0
19,104,7512,202000.0
19,104,7093,244000.0
19,104,2587,279000.0
19,104,3607,127000.0
19,104,6515,159000.0
19,104,7626,69000.0
19,104,97,284000.0
19,104,6540,175000.0
19,104,5524,238000.0
19,104,2275,224000.0
19,104,3612,119000.0
19,105,556,71000.0
19,105,7475,210000.0
19,105,5356,202000.0
19,105,3925,57000.0
19,106,6778,166000.0
19,106,767,270000.0
19,106,7482,287000.0
19,106,6233,217000.0
19,107,4078,238000.0
19,107,5537,53000.0
19,107,866,249000.0
19,107,102,87000.0
19,107,3018,133000.0
19,107,6041,60000.0
19,107,6995,168000.0
19,107,4604,74000.0
19,107,6214,278000.0
19,107,7374,174000.0
19,107,1962,167000.0
19,107,370,232000.0
19,107,3980,146000.0
19,107,7114,104000.0
19,108,2762,210000.0
19,108,3375,290000.0
19,108,514,171000.0
19,108,5274,258000.0
19,108,7078,265000.0
19,108,1253,207000.0
19,108,7306,303000.0
19,108,4279,285000.0
19,108,3919,222000.0
19,108,6437,182000.0
19,108,2843,266000.0
19,108,1223,255000.0
19,108,6478,316000.0
19,108,1687,72000.0
19,108,5733,139000.0
19,108,6319,263000.0
19,108,7135,107000.0
20,101,553,75000.0
20,101,2022,228000.0
20,101,2366,239000.0
20,101,1649,191000.0
20,102,4499,65000.0
20,102,2485,336000.0
20,102,593,335000.0
20,102,2103,169000.0
20,102,3078,108000.0
20,102,7229,285000.0
20,102,1163,142000.0
20,102,714,326000.0
20,102,3120,200000.0
20,102,737,287000.0
20,102,7541,295000.0
20,102,4884,258000.0
20,103,6503,92000.0
20,103,5485,302000.0
20,103,3724,159000.0
20,103,130,248000.0
20,103,7004,334000.0
20,103,7070,349000.0
20,103,2747,286000.0
20,103,304,290000.0
20,104,6046,331000.0
20,104,4570,312000.0
20,104,3370,280000.0
20,104,2285,121000.0
20,104,7104,300000.0
20,104,7060,154000.0
20,104,5024,252000.0
20,104,4440,247000.0
20,104,4401,189000.0
20,104,7692,202000.0
20,104,7535,273000.0
20,104,2387,122000.0
20,104,3910,119000.0
20,105,7007,87000.0
20,105,3749,210000.0
20,105,7059,162000.0
20,105,6299,218000.0
20,105,7863,298000.0
20,105,5378,169000.0
20,105,7136,68000.0
20,105,2223,130000.0
20,105,5847,194000.0
20,105,1639,289000.0
20,105,932,78000.0
20,105,7050,247000.0
20,105,7904,343000.0
20,105,1457,162000.0
20,105,948,232000.0
21,101,1327,213000.0
21,101,2767,112000.0
21,101,5973,168000.0
22,101,7345,279000.0
22,101,764,122000.0
22,101,645,282000.0
22,101,6167,61000.0
22,101,2853,219000.0
22,101,843,256000.0
22,102,4448,100000.0
22,102,7023,323000.0
22,103,3686,268000.0
22,103,4111,230000.0
22,103,834,145000.0
22,103,2653,260000.0
22,103,7727,192000.0
22,103,4275,308000.0
22,103,6306,139000.0
22,103,1676,97000.0
22,103,2470,173000.0
22,103,604,327000.0
22,103,6588,134000.0
22,104,3554,147000.0
22,104,7921,71000.0
22,104,5467,54000.0
22,104,3228,252000.0
22,104,6013,111000.0
22,104,2139,159000.0
22,104,5085,88000.0
22,104,3192,167000.0
22,104,3198,160000.0
22,104,5672,283000.0
22,104,4024,335000.0
22,104,340,254000.0
22,104,1899,77000.0
22,104,1205,240000.0
22,104,7165,337000.0
22,105,3081,138000.0
22,105,1283,217000.0
22,105,5903,114000.0
22,105,5441,288000.0
22,105,5546,345000.0
22,105,2015,94000.0
22,105,4392,237000.0
22,105,4073,128000.0
22,105,7756,189000.0
22,105,4071,65000.0
22,106,4021,328000.0
22,106,1543,174000.0
22,106,789,201000.0
22,106,6961,207000.0
22,106,5653,80000.0
22,106,5611,146000.0
22,106,145,164000.0
22,106,3046,83000.0
22,106,6171,288000.0
22,106,2689,64000.0
22,106,5632,234000.0
22,106,3441,321000.0
22,106,7362,92000.0
22,106,5531,263000.0
22,106,3695,346000.0
22,106,5729,252000.0
22,106,6639,271000.0
22,106,75,293000.0
22,106,5364,139000.0
23,101,1308,85000.0
23,101,4122,190000.0
23,101,6061,64000.0
23,101,4459,323000.0
23,102,270,152000.0
23,102,7038,85000.0
23,102,6425,349000.0
23,102,5317,336000.0
23,102,2171,246000.0
23,102,6674,232000.0
23,102,2100,129000.0
23,102,6361,101000.0
23,102,3371,313000.0
23,102,2017,81000.0
23,102,1668,74000.0
23,102,1873,153000.0
23,102,619,238000.0
23,102,5244,55000.0
23,103,5699,103000.0
23,103,1107,241000.0
23,103,7811,141000.0
23,103,4232,104000.0
23,103,4965,60000.0
23,103,5181,188000.0
23,103,4207,250000.0
23,103,2304,154000.0
23,103,7596,198000.0
23,103,5562,260000.0
23,103,3435,188000.0
23,104,4149,319000.0
23,104,4524,291000.0
23,104,7522,241000.0
23,104,2594,164000.0
23,104,7601,293000.0
23,104,3401,332000.0
23,104,1555,168000.0
23,104,1268,203000.0
23,104,6079,140000.0
24,101,7218,325000.0
24,101,2038,256000.0
24,101,7181,159000.0
24,101,5116,129000.0
24,101,6446,283000.0
24,101,3083,329000.0
24,101,4325,335000.0
24,101,4133,336000.0
24,101,5254,136000.0
24,101,1789,86000.0
24,101,1630,269000.0
24,101,6414,63000.0
24,101,568,93000.0
24,102,4874,213000.0
24,102,7507,271000.0
24,102,1245,117000.0
24,102,6741,304000.0
24,102,4474,207000.0
24,102,241,205000.0
24,102,1138,144000.0
24,102,6355,90000.0
24,102,6317,270000.0
24,103,1236,330000.0
24,103,6908,204000.0
24,103,6801,119000.0
24,103,3867,60000.0
24,103,5909,89000.0
24,103,4653,107000.0
24,103,5473,239000.0
24,103,1788,167000.0
24,103,6792,57000.0
24,103,3000,63000.0
24,103,515,119000.0
24,103,6622,230000.0
24,103,3975,213000.0
24,104,3067,92000.0
24,104,418,140000.0
24,104,7551,66000.0
24,104,6729,85000.0
24,105,1429,116000.0
24,105,1142,195000.0
24,105,7376,216000.0
24,105,7445,339000.0
24,105,3990,208000.0
24,105,6060,64000.0
24,105,6657,308000.0
24,105,3843,229000.0
24,105,303,321000.0
24,105,1945,51000.0
24,105,1950,218000.0
24,105,2683,289000.0
24,105,4708,113000.0
24,105,4254,73000.0
24,105,3304,186000.0
24,105,1915,237000.0
24,105,2228,151000.0
24,105,4384,82000.0
24,105,2555,316000.0
24,106,5033,117000.0
24,106,5954,247000.0
24,106,3317,80000.0
24,106,2276,141000.0
24,106,2265,292000.0
24,106,2311,167000.0
24,106,1332,328000.0
24,106,1493,196000.0
24,106,4838,345000.0
24,106,792,201000.0
24,106,7314,96000.0
24,106,1579,214000.0
24,106,2239,153000.0
24,106,5749,279000.0
24,107,5191,230000.0
24,107,3796,181000.0
24,107,1860,338000.0
24,107,2382,342000.0
24,107,4504,318000.0
24,107,2831,245000.0
24,107,7636,186000.0
24,107,4510,217000.0
24,107,1437,224000.0
24,107,2527,98000.0
24,107,1544,70000.0
24,107,3514,298000.0
24,107,693,167000.0
24,107,3054,254000.0
24,107,4879,293000.0
24,107,7051,153000.0
25,101,6140,348000.0
25,101,2642,277000.0
25,101,3531,347000.0
25,101,3826,156000.0
25,101,1688,145000.0
25,101,3465,282000.0
25,101,6783,66000.0
25,101,2942,165000.0
25,101,2234,229000.0
25,101,752,235000.0
25,101,2811,310000.0
25,101,4924,294000.0
25,101,6528,58000.0
25,101,423,194000.0
25,101,4466,321000.0
25,101,6202,71000.0
25,101,4536,178000.0
25,101,592,123000.0
25,102,319,341000.0
25,102,2488,345000.0
25,102,4600,103000.0
25,102,6539,185000.0
25,102,3470,160000.0
25,102,7985,61000.0
25,102,1502,242000.0
25,102,5975,229000.0
25,102,6654,333000.0
25,102,5639,117000.0
25,102,7792,270000.0
25,102,1257,248000.0
25,102,5213,179000.0
25,102,2402,248000.0
25,102,3454,54000.0
25,102,5071,222000.0
25,103,7304,107000.0
25,103,481,329000.0
25,103,6053,82000.0
25,104,7335,249000.0
25,104,4551,283000.0
25,104,216,91000.0
25,104,3909,236000.0
25,105,369,337000.0
25,105,1549,213000.0
25,105,648,144000.0
25,105,6021,95000.0
25,105,3297,230000.0
25,105,1728,213000.0
25,105,2882,310000.0
25,105,1679,328000.0
25,105,3736,267000.0
25,105,5323,158000.0
25,105,5780,314000.0
25,105,2392,104000.0
25,105,3783,346000.0
25,106,5048,139000.0
25,106,6204,244000.0
25,106,3690,58000.0
25,106,2373,317000.0
25,106,3752,247000.0
25,106,7722,151000.0
25,106,4959,309000.0
26,101,5997,228000.0
26,101,2372,321000.0
26,101,4590,198000.0
26,101,485,253000.0
26,101,7799,69000.0
26,101,274,69000.0
26,101,994,330000.0
26,101,6892,299000.0
26,101,6064,247000.0
26,101,6605,264000.0
26,101,454,119000.0
26,101,172,282000.0
26,101,2795,96000.0
26,101,5306,309000.0
26,101,4085,96000.0
26,101,4266,295000.0
26,101,5098,184000.0
26,101,1480,179000.0
26,101,3640,234000.0
26,102,6887,79000.0
26,102,5384,118000.0
26,102,7879,195000.0
26,102,920,172000.0
26,102,1651,228000.0
26,102,954,276000.0
26,102,2571,191000.0
26,102,1576,250000.0
26,102,1761,201000.0
26,102,4179,241000.0
26,102,3298,54000.0
26,102,231,160000.0
26,103,6521,107000.0
26,103,2848,272000.0
26,103,4901,100000.0
26,103,4627,333000.0
26,104,6637,153000.0
26,104,5918,137000.0
26,104,5381,201000.0
26,104,2138,140000.0
26,105,5836,82000.0
26,105,7577,84000.0
26,105,5604,74000.0
26,105,4348,91000.0
26,105,4647,58000.0
26,105,3797,61000.0
26,105,7684,131000.0
26,105,34,260000.0
26,105,4442,80000.0
26,105,5617,246000.0
26,105,4381,326000.0
26,105,7663,323000.0
26,105,7034,266000.0
26,105,2098,348000.0
26,105,7497,54000.0
26,105,942,158000.0
26,105,4339,203000.0
26,106,5128,342000.0
26,106,6007,290000.0
26,106,4876,184000.0
26,106,1640,330000.0
26,106,5859,143000.0
26,106,6454,208000.0
26,106,4018,159000.0
26,106,1989,302000.0
26,106,3134,332000.0
26,106,2714,136000.0
26,106,4188,283000.0
26,106,6891,275000.0
26,106,6802,60000.0
26,106,6228,205000.0
26,106,6396,174000.0
26,106,7586,247000.0
26,106,644,100000.0
26,106,1275,176000.0
26,106,6418,223000.0
26,107,5212,237000.0
26,107,7590,328000.0
26,107,1589,235000.0
26,107,7923,215000.0
26,107,7429,341000.0
26,107,3726,120000.0
26,107,4857,75000.0
26,107,7107,105000.0
26,107,2433,60000.0
26,107,6777,268000.0
26,107,2170,141000.0
26,107,1149,202000.0
26,107,1883,140000.0
26,107,624,210000.0
26,107,3725,250000.0
26,107,192,101000.0
26,108,3136,286000.0
26,108,1193,254000.0
27,101,2557,216000.0
27,101,5455,132000.0
27,101,5681,220000.0
27,101,6024,347000.0
27,101,2420,341000.0
27,101,3535,328000.0
27,101,7546,153000.0
27,101,3566,260000.0
27,101,7584,249000.0
27,101,2651,160000.0
27,101,2851,136000.0
27,101,3019,242000.0
27,101,2358,277000.0
27,102,2590,90000.0
27,102,4099,64000.0
27,102,2348,328000.0
27,102,2864,83000.0
27,102,2822,126000.0
27,102,3558,215000.0
27,102,1600,271000.0
27,102,5901,314000.0
27,102,3966,115000.0
27,102,4979,316000.0
27,102,1081,333000.0
27,102,2743,81000.0
27,102,5345,162000.0
27,102,414,316000.0
27,102,7558,311000.0
27,102,6450,192000.0
27,102,1811,262000.0
29,101,2715,316000.0
29,101,3518,83000.0
29,101,4818,182000.0
29,101,4470,307000.0
29,101,5308,250000.0
29,101,1562,302000.0
29,101,3691,149000.0
29,102,6772,329000.0
29,102,5530,72000.0
29,102,1751,119000.0
29,102,5518,126000.0
29,102,2925,266000.0
29,102,1999,111000.0
29,102,5344,102000.0
29,102,6119,279000.0
29,102,4436,181000.0
29,102,494,191000.0
29,103,4187,254000.0
29,103,3238,158000.0
29,103,2430,180000.0
29,103,4573,106000.0
29,103,1458,93000.0
29,103,7468,292000.0
29,103,1416,149000.0
29,104,4219,254000.0
29,104,6462,198000.0
29,104,2944,237000.0
29,104,5624,55000.0
29,104,2675,53000.0
29,104,4933,132000.0
29,104,7966,194000.0
29,104,5304,52000.0
29,104,1424,210000.0
29,104,5379,323000.0
29,104,3956,222000.0
29,104,2816,157000.0
29,104,2730,291000.0
29,104,5107,232000.0
29,104,3226,348000.0
29,104,5433,189000.0
29,104,5376,254000.0
29,104,6564,92000.0
29,105,4811,259000.0
29,105,1960,95000.0
29,105,7137,264000.0
29,105,769,120000.0
29,105,6291,128000.0
29,105,5808,175000.0
29,105,6170,176000.0
29,105,7952,293000.0
29,105,7782,134000.0
29,105,7204,144000.0
29,105,4051,201000.0
29,105,1486,145000.0
29,105,6692,204000.0
29,105,6223,114000.0
29,105,579,84000.0
30,101,7434,152000.0
30,101,613,235000.0
30,101,831,242000.0
30,101,3261,325000.0
30,101,7973,114000.0
30,101,7035,280000.0
30,101,1717,59000.0
30,101,6224,100000.0
30,101,6731,246000.0
30,101,3350,340000.0
30,101,7935,155000.0
30,101,2333,280000.0
30,101,1920,179000.0
30,102,4668,86000.0
30,102,5242,75000.0
30,102,6113,122000.0
30,102,3086,309000.0
30,102,3916,266000.0
30,102,3071,89000.0
30,102,2067,195000.0
30,102,4639,211000.0
30,102,7738,314000.0
30,102,5371,143000.0
30,102,7499,192000.0
30,102,6880,107000.0
30,102,3093,289000.0
30,102,48,314000.0
30,102,1239,224000.0
30,102,1313,153000.0
30,102,586,165000.0
30,102,1060,200000.0
30,103,6945,134000.0
30,103,5187,322000.0
30,103,4342,328000.0
30,103,7248,251000.0
30,103,6101,327000.0
30,103,116,68000.0
30,103,7869,289000.0
30,103,1670,175000.0
30,103,5595,231000.0
30,103,7979,237000.0
30,103,5276,266000.0
30,103,5544,273000.0
30,103,5299,122000.0
30,103,7781,52000.0
30,103,4827,128000.0
30,103,1750,113000.0
30,103,6626,81000.0
30,104,1667,185000.0
30,104,6481,344000.0
30,104,2835,165000.0
30,104,6449,106000.0
30,104,658,225000.0
30,105,2227,82000.0
30,105,5026,183000.0
30,105,3404,175000.0
30,106,3406,246000.0
30,106,387,322000.0
30,106,498,336000.0
30,106,4135,279000.0
30,106,1403,116000.0
30,106,1900,245000.0
30,106,6759,327000.0
30,106,3885,208000.0
30,107,4794,68000.0
30,107,2666,295000.0
30,107,1573,315000.0
30,107,6875,115000.0
30,107,3987,336000.0
30,107,1839,166000.0
30,107,4579,323000.0
30,107,1099,281000.0
30,107,1983,122000.0
30,107,5062,165000.0
30,107,4739,200000.0
30,107,4284,275000.0
30,107,7814,342000.0
30,107,6491,120000.0
30,107,2809,331000.0
30,107,2732,174000.0
30,107,4020,224000.0
30,107,3039,55000.0
30,107,6919,289000.0
30,108,981,129000.0
30,108,6498,92000.0
30,108,7446,261000.0
30,108,4905,310000.0
30,108,6501,54000.0
30,108,6585,233000.0
30,108,6508,342000.0
30,108,3497,223000.0
31,101,2156,144000.0
31,101,3345,245000.0
31,101,3637,73000.0
31,101,3562,326000.0
31,101,2026,93000.0
31,101,3299,155000.0
31,101,3578,228000.0
31,101,1775,290000.0
31,101,7006,124000.0
31,101,7929,335000.0
31,101,2472,332000.0
31,101,1101,172000.0
31,101,469,289000.0
31,101,6290,319000.0
31,101,7529,299000.0
31,101,1028,62000.0
31,102,6664,208000.0
31,102,4738,98000.0
31,102,3701,252000.0
31,102,346,260000.0
31,102,3572,138000.0
31,102,1864,125000.0
31,102,135,245000.0
31,102,6935,164000.0
31,102,7130,132000.0
31,102,2693,333000.0
31,102,7269,118000.0
31,102,5785,177000.0
31,102,6803,329000.0
31,102,3538,181000.0
31,102,7836,242000.0
31,102,3798,229000.0
31,102,4813,217000.0
32,101,7008,211000.0
32,101,86,204000.0
32,101,6246,302000.0
32,101,6869,274000.0
32,101,867,56000.0
32,101,795,190000.0
32,101,1867,225000.0
32,101,7698,280000.0
32,101,1752,122000.0
32,101,3848,269000.0
32,102,2444,159000.0
32,102,7064,86000.0
32,102,3119,167000.0
32,102,1976,91000.0
32,102,6589,336000.0
32,102,3332,75000.0
32,102,3648,84000.0
32,102,4596,310000.0
32,102,3448,278000.0
32,102,7140,75000.0
32,103,7348,189000.0
32,103,7118,261000.0
32,103,1547,172000.0
32,103,4585,144000.0
32,103,5354,97000.0
32,103,3034,129000.0
32,103,7709,278000.0
32,103,3385,293000.0
32,103,3446,304000.0
32,103,5275,196000.0
32,104,1056,96000.0
32,104,432,168000.0
32,104,2487,69000.0
32,104,6747,132000.0
32,104,1279,313000.0
32,104,1050,177000.0
32,104,3305,325000.0
32,104,6313,220000.0
32,104,3894,144000.0
32,104,6206,186000.0
32,104,1747,290000.0
32,104,1658,301000.0
32,104,6816,57000.0
32,104,1477,272000.0
32,104,1987,339000.0
32,104,3244,297000.0
32,104,5565,197000.0
32,105,4945,58000.0
32,105,2269,198000.0
32,105,1153,303000.0
32,105,5983,288000.0
32,105,588,290000.0
32,105,5775,106000.0
32,105,692,55000.0
32,105,3373,218000.0
32,105,2054,207000.0
32,105,3742,133000.0
32,105,6965,191000.0
32,105,4083,128000.0
32,105,1172,248000.0
32,105,6006,206000.0
32,105,2755,165000.0
32,105,3269,69000.0
32,106,90,144000.0
32,106,7749,295000.0
32,107,1997,338000.0
32,107,6163,179000.0
32,107,7071,248000.0
32,107,7547,259000.0
32,107,6208,310000.0
32,107,2967,102000.0
32,107,5407,206000.0
32,107,3024,297000.0
32,107,7962,227000.0
32,107,409,341000.0
32,107,5051,213000.0
32,107,6862,58000.0
32,108,2602,80000.0
32,108,7377,76000.0
32,108,184,264000.0
32,108,244,91000.0
32,108,7695,149000.0
32,108,7323,149000.0
33,101,7903,190000.0
33,101,5175,225000.0
33,101,3653,288000.0
33,101,965,304000.0
33,101,531,95000.0
33,101,4634,102000.0
33,101,49,307000.0
33,102,1422,173000.0
33,102,1186,91000.0
33,102,6085,302000.0
33,102,1001,75000.0
33,102,2717,157000.0
33,102,5380,55000.0
33,102,2246,50000.0
33,102,3901,196000.0
33,102,5881,86000.0
33,102,5618,258000.0
33,102,6350,110000.0
33,102,383,335000.0
33,102,2292,228000.0
33,102,3782,276000.0
34,101,2575,291000.0
34,101,5388,206000.0
34,101,6012,347000.0
34,101,1631,62000.0
34,101,1991,242000.0
34,101,15,125000.0
34,101,1278,179000.0
34,102,3473,145000.0
34,102,1466,245000.0
34,102,7440,100000.0
34,102,5569,84000.0
34,102,6182,165000.0
34,102,7346,120000.0
34,102,7474,300000.0
34,102,3568,303000.0
34,102,6740,230000.0
34,102,1112,169000.0
34,102,7095,330000.0
34,102,6896,113000.0
34,102,584,234000.0
34,102,818,151000.0
34,102,3005,58000.0
34,102,330,154000.0
34,102,7926,289000.0
34,102,4783,72000.0
34,103,7701,235000.0
34,103,2719,61000.0
34,103,3674,289000.0
34,103,5159,102000.0
34,103,431,246000.0
34,103,2977,218000.0
34,103,543,334000.0
34,103,1748,270000.0
34,103,4053,313000.0
34,103,7797,243000.0
34,103,364,55000.0
34,103,4040,136000.0
34,103,570,200000.0
34,103,2009,61000.0
34,103,7313,250000.0
34,103,1659,228000.0
34,103,4689,79000.0
34,104,3171,223000.0
34,104,6884,344000.0
34,104,4369,112000.0
34,104,1350,55000.0
34,104,3464,160000.0
34,104,7769,220000.0
34,104,5955,175000.0
34,104,1197,76000.0
34,104,6039,287000.0
34,104,2615,236000.0
34,104,3163,121000.0
34,104,7225,141000.0
34,104,6474,244000.0
34,104,6775,136000.0
34,104,6146,154000.0
35,101,4547,182000.0
35,101,2185,317000.0
35,101,4155,50000.0
35,101,4017,133000.0
35,101,4332,50000.0
35,101,5286,102000.0
35,101,2177,83000.0
35,101,4216,96000.0
35,102,2960,207000.0
35,102,2260,201000.0
35,102,5800,286000.0
35,102,60,213000.0
35,102,1753,321000.0
35,102,6642,308000.0
35,102,5958,174000.0
35,102,5833,76000.0
35,102,1782,132000.0
35,102,4691,146000.0
35,102,7854,97000.0
35,102,4789,222000.0
35,103,1165,243000.0
35,103,5002,340000.0
35,103,2147,187000.0
35,103,1652,314000.0
35,104,4663,125000.0
35,104,6836,172000.0
35,104,5754,177000.0
35,104,4054,187000.0
35,104,1601,120000.0
35,104,2099,231000.0
35,104,1847,232000.0
35,104,3486,314000.0
35,104,7479,73000.0
35,104,7748,226000.0
35,104,2884,212000.0
35,104,5505,58000.0
35,104,6886,130000.0
35,104,2417,141000.0
35,104,4380,344000.0
35,104,4556,231000.0
35,104,7907,76000.0
35,104,5013,231000.0
35,104,4323,333000.0
35,105,1499,307000.0
35,105,2440,100000.0
35,106,1821,198000.0
35,106,7068,239000.0
35,106,351,345000.0
35,106,7716,141000.0
35,106,1431,91000.0
35,106,2007,310000.0
35,106,2819,161000.0
35,106,3801,51000.0
35,106,6412,194000.0
35,106,5599,111000.0
35,106,5117,290000.0
35,106,4190,196000.0
35,106,5188,294000.0
35,106,3918,246000.0
35,106,6196,63000.0
35,106,7632,111000.0
35,106,1855,139000.0
35,106,4953,90000.0
35,106,4703,191000.0
36,101,5225,98000.0
36,101,7260,177000.0
36,101,3326,128000.0
36,101,6525,260000.0
36,101,4922,337000.0
36,101,7804,93000.0
36,101,3580,334000.0
36,101,6937,224000.0
36,102,4921,121000.0
36,102,3508,134000.0
36,102,7771,149000.0
36,102,6879,331000.0
36,102,2951,235000.0
36,102,6625,179000.0
36,102,4841,92000.0
36,102,5844,276000.0
36,103,5068,267000.0
36,103,85,317000.0
36,103,4575,320000.0
36,103,4534,269000.0
36,103,1998,323000.0
36,103,7523,97000.0
36,103,313,319000.0
36,103,1351,122000.0
36,103,6198,253000.0
36,103,1461,209000.0
39,101,5978,223000.0
39,101,2919,164000.0
39,101,6984,104000.0
39,101,3979,138000.0
39,101,1628,337000.0
39,101,1280,290000.0
39,101,4107,133000.0
39,101,2516,135000.0
39,101,1744,281000.0
39,101,4434,141000.0
39,101,5314,85000.0
39,101,7149,292000.0
39,101,3729,135000.0
39,101,2804,261000.0
39,101,1732,177000.0
39,101,2794,178000.0
39,101,4823,277000.0
39,101,6680,298000.0
39,101,6469,309000.0
39,102,1490,325000.0
39,102,20,153000.0
39,102,1642,304000.0
39,102,6427,337000.0
39,102,7146,290000.0
39,102,7381,156000.0
39,102,7110,131000.0
39,102,1377,245000.0
39,102,560,299000.0
39,102,7708,274000.0
39,102,4532,150000.0
39,102,5777,132000.0
39,103,678,77000.0
39,103,5542,181000.0
39,103,3870,126000.0
39,104,6241,260000.0
39,104,1170,52000.0
39,104,689,164000.0
39,104,836,167000.0
39,104,3186,191000.0
39,104,5280,285000.0
39,104,2658,149000.0
39,104,6514,318000.0
39,104,4226,114000.0
39,104,6314,344000.0
39,104,4302,277000.0
39,104,3705,86000.0
39,104,6034,231000.0
39,104,5732,222000.0
39,104,3866,257000.0
39,104,6909,264000.0
39,104,6949,86000.0
39,104,3654,327000.0
39,104,3388,196000.0
39,105,4619,65000.0
39,105,7398,221000.0
39,105,2034,285000.0
39,105,4972,307000.0
39,105,185,304000.0
39,105,4225,55000.0
39,105,6186,269000.0
39,105,6735,303000.0
